10001 1 1 2.14 1.5
10002 1 2 0.59 1
10003 1 2 2.7 1.5
10004 1 1 1.96 1.5
10005 1 2 0.73 1
10006 1 2 0.3 1
10007 1 2 2.8 2
10008 1 2 0.92 1
10009 1 1 0.56 1
10010 1 1 1.12 1
10011 1 2 1.39 1.5
10012 1 1 0.14 1
10013 1 2 3.25 2
10014 1 2 1.42 1.5
10015 1 1 2.27 1.5
10016 1 2 3.85 2
10017 1 2 1.7 1.5
10018 1 2 1.5 1.5
10019 1 2 0.49 1
10020 1 2 1.32 1
10021 1 1 1.34 1
10022 1 2 0.67 1
10023 1 1 2.22 1.5
10024 1 2 1.32 1
10025 1 1 2.18 1.5
10026 1 1 4.05 2
10027 1 1 2.55 1.5
10028 1 1 0.79 1
10029 1 2 2.95 2
10030 1 2 2.91 2
10031 1 1 0.28 1
10032 1 1 5.04 2.5
10033 1 2 1 1
10034 1 2 1.34 1.5
10035 1 2 0.69 1
10036 1 2 0.45 1
10037 1 2 1.15 1
10038 1 1 1.92 1.5
10039 1 2 0.58 1
10040 1 1 12.2 4.5
10041 1 2 2.15 1.5
10042 1 2 1.95 1.5
10043 1 1 4.13 2.5
10044 1 1 4.46 2.5
10045 1 1 3.56 2
10046 1 2 0.57 1
10047 1 2 1.33 1
10048 1 2 0.64 1
10049 1 1 1.93 1.5
10050 1 1 0.93 1
10051 1 1 4.8 2.5
10052 1 2 3.88 2
10053 1 2 1.81 1.5
10054 1 2 1.87 1.5
10055 1 1 2.54 1.5
10056 1 2 0.6 1
10057 1 2 3.99 2
10058 1 2 2.5 1.5
10059 1 1 3.47 2
10060 1 2 2.53 1.5
10061 1 2 3.95 2
10062 1 2 2.34 1.5
10063 1 2 2.46 1.5
10064 1 2 1.73 1.5
10065 1 2 1.44 1.5
10066 1 2 1.62 1.5
10067 1 2 2.05 1.5
10068 1 2 1.29 1
10069 1 2 1.17 1
10070 1 1 4.23 2.5
10071 1 2 4.07 2
10072 1 2 0.51 1
10073 1 2 1.62 1
10074 1 2 0.95 1
10075 1 1 1.81 1.5
10076 1 1 1.68 1.5
10077 1 2 1.23 1
10078 1 2 0.44 1
10079 1 2 2.97 1.5
10080 1 2 2.01 1.5
10081 1 2 1.65 1
10082 1 1 3 2
10083 1 2 3.44 2
10084 1 2 3.88 2
10085 1 1 2.41 1.5
10086 1 2 1.12 1
10087 1 1 1.79 1.5
10088 1 2 2.31 1.5
10089 1 1 3.35 2
10090 1 2 0.36 1
10091 1 1 2.09 1.5
10092 1 1 2.9 1.5
10093 1 2 0.94 1
10094 1 2 3.02 2
10095 1 2 1.6 1.5
10096 1 1 1.69 1.5
10097 1 1 1.36 1.5
10098 1 1 2.42 1.5
10099 1 1 4.6 2.5
10100 1 2 2.64 1.5
10101 1 2 0.84 1
10102 1 1 2.56 1.5
10103 1 1 0.78 1
10104 1 1 0.59 1
10105 1 1 0.87 1
10106 1 1 1.08 1
10107 1 2 0.65 1
10108 1 2 2.01 1.5
10109 1 1 1.3 1.5
10110 1 2 5.06 2.5
10111 1 1 2.65 1.5
10112 1 1 0.56 1
10113 1 1 1.04 1
10114 1 2 0.5 1
10115 1 2 2.32 1.5
10116 1 2 1.13 1
10117 1 2 3.78 2
10118 1 2 11.75 4
10119 1 1 1.94 1.5
10120 1 1 2.9 2
10121 1 2 2.42 1.5
10122 1 2 0.79 1
10123 1 1 1.72 1.5
10124 1 2 1.57 1
10125 1 1 1.29 1
10126 1 1 2.49 1.5
10127 1 1 1.74 1
10128 1 2 5.08 2.5
10129 1 1 2.56 1.5
10130 1 1 1.3 1
10131 1 2 0.93 1
10132 1 2 1.34 1
10133 1 1 0.56 1
10134 1 1 3.82 2
10135 1 1 1.18 1
10136 1 1 0.79 1
10137 1 2 1.75 1
10138 1 1 1.23 1
10139 1 1 1.36 1
10140 1 1 2.67 1.5
10141 1 1 3.97 2
10142 1 1 3.6 2
10143 1 1 2.07 1.5
10144 1 1 3.91 2
10145 1 1 1.69 1.5
10146 1 1 2.93 1.5
10147 1 1 3.91 2
10148 1 2 0.5 1
10149 1 1 1.82 1.5
10150 1 1 1.87 1.5
10151 1 1 4.04 2
10152 1 2 1.12 1
10153 1 1 1.01 1
10154 1 1 0.45 1
10155 1 1 6.87 3.5
10156 1 1 0.52 1
10157 1 1 1.48 1.5
10158 1 1 0.49 1
10159 1 1 1.56 1
10160 1 1 2.01 1.5
10161 1 2 0.82 1
10162 1 1 3.87 2
10163 1 1 0.31 1
10164 1 2 4.62 2.5
10165 1 1 1.67 1
10166 1 1 0.36 1
10167 1 1 3.81 2
10168 1 1 3.57 2
10169 1 1 1.72 1
10170 1 1 5.84 3
10171 1 1 3.65 2
10172 1 1 1.45 1
10173 1 1 1.67 1.5
10174 1 1 0.97 1
10175 1 2 2.19 1.5
10176 1 2 3.3 2
10177 1 1 2.47 1.5
10178 1 2 5.49 3
10179 1 1 1.76 1
10180 1 1 0.56 1
10181 1 1 2.84 2
10182 1 2 0.78 1
10183 1 1 1.38 1.5
10184 1 1 2.73 2
10185 1 1 3.2 2
10186 1 2 1.99 1.5
10187 1 2 2.23 1.5
10188 1 1 0.97 1
10189 1 1 0.55 1
10190 1 1 2.78 1.5
10191 1 1 2.03 1.5
10192 1 1 1.66 1.5
10193 1 1 2.57 1.5
10194 1 1 1.22 1
10195 1 1 0.62 1
10196 1 2 1.64 1.5
10197 1 1 3.7 2
10198 1 2 1.7 1
10199 1 2 2.71 1.5
10200 1 1 1.03 1
10201 1 2 0.42 1
10202 1 1 0.31 1
10203 1 1 3.06 2
10204 1 2 2.85 1.5
10205 1 1 1.18 1
10206 1 2 1.89 1.5
10207 1 1 1.69 1
10208 1 1 1.42 1
10209 1 2 0.77 1
10210 1 2 3.43 2
10211 1 1 0.24 1
10212 1 1 2.87 1.5
10213 1 1 2.55 1.5
10214 1 2 2.58 1.5
10215 1 1 0.16 1
10216 1 2 1.71 1.5
10217 1 2 1.06 1
10218 1 2 0.75 1
10219 1 2 3.1 2
10220 1 2 1.65 1
10221 1 2 1.65 1.5
10222 1 2 6.46 3
10223 1 1 2.43 1.5
10224 1 1 0.61 1
10225 1 1 1.5 1
10226 1 1 2.09 1.5
10227 1 1 2.41 1.5
10228 1 1 1.46 1.5
10229 1 1 0.27 1
10230 1 1 0.62 1
10231 1 1 2.69 1.5
10232 1 2 5.75 3
10233 1 2 0.8 1
10234 1 1 1.64 1.5
10235 1 1 0.24 1
10236 1 1 1.37 1
10237 1 1 1.81 1.5
10238 1 2 2.09 1.5
10239 1 1 0.47 1
10240 1 2 2.15 1.5
10241 1 2 2.85 1.5
10242 1 1 1.56 1.5
10243 1 2 0.62 1
10244 1 2 3.92 2
10245 1 1 1.75 1
10246 1 2 1.13 1
10247 1 1 0.93 1
10248 1 1 1.07 1
10249 1 1 1.48 1.5
10250 1 1 3.36 2
10251 1 1 4.46 2.5
10252 1 1 1.13 1
10253 1 2 1.53 1.5
10254 1 2 0.45 1
10255 1 2 1.34 1.5
10256 1 2 2.16 1.5
10257 1 1 0.64 1
10258 1 2 1.84 1.5
10259 1 1 1.81 1.5
10260 1 2 3.58 2
10261 1 1 1.54 1.5
10262 1 2 1.32 1.5
10263 1 2 1.95 1.5
10264 1 1 3.47 2
10265 1 2 0.43 1
10266 1 1 1.74 1.5
10267 1 1 1.05 1
10268 1 2 2.67 1.5
10269 1 1 7.08 3.5
10270 1 2 0.8 1
10271 1 1 1.36 1.5
10272 1 1 2.24 1.5
10273 1 1 1.89 1.5
10274 1 1 2.54 1.5
10275 1 2 0.49 1
10276 1 1 2.75 2
10277 1 2 2.12 1.5
10278 1 2 3.8 2
10279 1 2 1.55 1.5
10280 1 1 0.41 1
10281 1 1 0.9 1
10282 1 1 0.66 1
10283 1 1 2.73 2
10284 1 2 0.49 1
10285 1 1 1.27 1
10286 1 1 4.35 2.5
10287 1 1 1.88 1.5
10288 1 2 2.45 1.5
10289 1 2 1.44 1
10290 1 2 0.97 1
10291 1 2 0.11 1
10292 1 1 2.57 1.5
10293 1 1 6.24 3
10294 1 1 2.37 1.5
10295 1 1 0.92 1
10296 1 1 2.56 1.5
10297 1 2 0.21 1
10298 1 2 1.56 1
10299 1 1 2.08 1.5
10300 1 2 3.9 2
10301 1 1 2.37 1.5
10302 1 2 0.84 1
10303 1 1 0.6 1
10304 1 2 1.44 1
10305 1 1 1.9 1.5
10306 1 2 2.54 1.5
10307 1 2 0.72 1
10308 1 2 0 1
10309 1 2 1.66 1
10310 1 1 2.72 2
10311 1 2 5.1 2.5
10312 1 2 2.11 1.5
10313 1 1 0.3 1
10314 1 2 5.19 2.5
10315 1 1 0.23 1
10316 1 2 1.3 1
10317 1 2 2.44 1.5
10318 1 2 1.79 1.5
10319 1 2 1.64 1.5
10320 1 1 1.84 1.5
10321 1 2 3.05 2
10322 1 1 3.25 2
10323 1 2 1.37 1.5
10324 1 2 0.22 1
10325 1 1 1.8 1.5
10326 1 1 1.75 1.5
10327 1 1 1.57 1.5
10328 1 2 1.23 1
10329 1 1 0.48 1
10330 1 2 2.93 1.5
10331 1 2 2.18 1.5
10332 1 1 2.49 1.5
10333 1 2 2.34 1.5
10334 1 2 2.35 1.5
10335 1 1 1.24 1
10336 1 1 2.8 1.5
10337 1 1 1.51 1.5
10338 1 2 2.64 1.5
10339 1 1 1.37 1.5
10340 1 1 0.77 1
10341 1 1 1.51 1
10342 1 2 1.48 1.5
10343 1 1 0.63 1
10344 1 1 2.32 1.5
10345 1 1 1 1
10346 1 2 2.5 1.5
10347 1 1 2.75 2
10348 1 2 0.43 1
10349 1 2 0.59 1
10350 1 1 2.59 1.5
10351 1 2 4.08 2
10352 1 2 0.14 1
10353 1 2 3.99 2
10354 1 2 2.08 1.5
10355 1 2 2.41 1.5
10356 1 1 4.92 2.5
10357 1 1 4.97 2.5
10358 1 2 0.69 1
10359 1 2 1.06 1
10360 1 1 1.02 1
10361 1 2 5.68 3
10362 1 2 2.88 2
10363 1 1 3.48 2
10364 1 2 2.05 1.5
10365 1 2 1.78 1.5
10366 1 2 2.51 1.5
10367 1 2 1.02 1
10368 1 1 1.06 1
10369 1 1 1.34 1.5
10370 1 1 1.37 1
10371 1 2 3.64 2
10372 1 1 2.65 1.5
10373 1 1 5.4 3
10374 1 2 0.79 1
10375 1 1 2.37 1.5
10376 1 2 2.41 1.5
10377 1 2 2.97 1.5
10378 1 2 2.72 1.5
10379 1 2 0.59 1
10380 1 2 1.42 1.5
10381 1 2 3.64 2
10382 1 2 2.64 1.5
10383 1 1 2.8 2
10384 1 2 1.5 1.5
10385 1 2 1.03 1
10386 1 1 1.22 1
10387 1 2 0.6 1
10388 1 2 0.92 1
10389 1 1 2.55 1.5
10390 1 2 2.04 1.5
10391 1 2 0.49 1
10392 1 2 0.51 1
10393 1 1 1.99 1.5
10394 1 1 5.58 3
10395 1 1 0.28 1
10396 1 2 0.42 1
10397 1 2 1.41 1.5
10398 1 2 4.62 2.5
10399 1 1 4.27 2.5
10400 1 1 1.03 1
10401 1 2 2.45 1.5
10402 1 2 2.99 2
10403 1 2 3.71 2
10404 1 1 1.36 1.5
10405 1 1 1.37 1.5
10406 1 1 2.87 2
10407 1 2 1.49 1
10408 1 2 0.92 1
10409 1 2 3.56 2
10410 1 2 2.82 2
10411 1 2 1.84 1.5
10412 1 1 0.69 1
10413 1 2 2.46 1.5
10414 1 1 1.61 1.5
10415 1 2 3.86 2
10416 1 2 2.76 2
10417 1 1 1.53 1.5
10418 1 2 1.45 1
10419 1 2 1.42 1.5
10420 1 2 2.71 1.5
10421 1 1 0.84 1
10422 1 2 8.3 3.5
10423 1 1 2.12 1.5
10424 1 2 2.97 1.5
10425 1 1 2.67 1.5
10426 1 2 0.38 1
10427 1 2 6 3
10428 1 1 1.97 1.5
10429 1 2 1.71 1
10430 1 2 1.04 1
10431 1 1 0.95 1
10432 1 1 2.34 1.5
10433 1 2 3.49 2
10434 1 1 1.37 1.5
10435 1 2 1.2 1
10436 1 2 2.44 1.5
10437 1 1 3.94 2
10438 1 2 2.39 1.5
10439 1 1 3.63 2
10440 1 2 1.8 1.5
10441 1 2 0.77 1
10442 1 2 2.27 1.5
10443 1 2 1.63 1
10444 1 2 1.9 1.5
10445 1 2 1.57 1
10446 1 2 3 1.5
10447 1 2 1.05 1
10448 1 1 0.78 1
10449 1 1 2.67 1.5
10450 1 1 2.92 2
10451 1 2 2.04 1.5
10452 1 1 2.93 1.5
10453 1 2 2.12 1.5
10454 1 2 2.17 1.5
10455 1 2 1.48 1.5
10456 1 2 1.72 1
10457 1 2 3.38 2
10458 1 2 1.71 1.5
10459 1 2 1.39 1.5
10460 1 1 14.77 4.5
10461 1 2 3.03 2
10462 1 1 1.51 1
10463 1 2 1.68 1.5
10464 1 2 1.95 1.5
10465 1 2 1.67 1.5
10466 1 2 0.42 1
10467 1 2 2.58 1.5
10468 1 2 3.64 2
10469 1 2 2.39 1.5
10470 1 2 2.32 1.5
10471 1 2 1.71 1.5
10472 1 1 2.73 2
10473 1 1 2.77 1.5
10474 1 1 5.48 3
10475 1 2 0.3 1
10476 1 2 0.21 1
10477 1 2 1.14 1
10478 1 2 2.88 1.5
10479 1 2 1.54 1
10480 1 2 0.9 1
10481 1 2 3.37 2
10482 1 2 2.81 1.5
10483 1 1 1.77 1.5
10484 1 1 3.56 2
10485 1 1 9.34 4
10486 1 2 1.8 1.5
10487 1 2 1.79 1.5
10488 1 2 2.73 1.5
10489 1 2 1.28 1
10490 1 2 3.22 2
10491 1 2 2.43 1.5
10492 1 2 1.64 1.5
10493 1 2 1.68 1.5
10494 1 2 2.44 1.5
10495 1 1 0.77 1
10496 1 1 5.59 3
10497 1 1 6.85 3.5
10498 1 2 2.77 2
10499 1 2 2.04 1.5
10500 1 2 2.53 1.5
10501 1 1 0.38 1
10502 1 2 2.99 2
10503 1 2 2.09 1.5
10504 1 2 3.01 2
10505 1 2 1.11 1
10506 1 2 2.21 1.5
10507 1 1 2.47 1.5
10508 1 1 3.44 2
10509 1 2 1.27 1
10510 1 2 2.18 1.5
10511 1 2 0.72 1
10512 1 2 3.78 2
10513 1 2 1.25 1
10514 1 2 1.79 1.5
10515 1 2 4.07 2
10516 1 2 1.15 1
10517 1 1 2.42 1.5
10518 1 1 4.52 2.5
10519 1 2 2.67 1.5
10520 1 2 2.07 1.5
10521 1 2 1.8 1.5
10522 1 2 1.24 1
10523 1 2 3.99 2
10524 1 2 2.38 1.5
10525 1 2 1.99 1.5
10526 1 2 1.58 1.5
10527 1 1 5.83 3
10528 1 1 5.77 3
10529 1 1 10.16 4
10530 1 2 2.97 2
10531 1 2 4.05 2
10532 1 1 1.78 1.5
10533 1 1 1.53 1
10534 1 2 0.14 1
10535 1 2 1.31 1
10536 1 2 3.04 1.5
10537 1 2 2.21 1.5
10538 1 2 5.43 3
10539 1 2 1.83 1.5
10540 1 2 1.47 1.5
10541 1 2 2.63 1.5
10542 1 2 3.51 2
10543 1 2 1.35 1
10544 1 1 1.11 1
10545 1 2 1.69 1.5
10546 1 2 2.09 1.5
10547 1 2 1.19 1
10548 1 2 1.26 1
10549 1 2 0.99 1
10550 1 2 3.42 2
10551 1 2 3.29 2
10552 1 2 0.45 1
10553 1 2 1.97 1.5
10554 1 2 2.61 1.5
10555 1 2 0.71 1
10556 1 1 1.62 1
10557 1 2 1.92 1.5
10558 1 2 1.04 1
10559 1 2 3.85 2
10560 1 2 0.68 1
10561 1 2 2.19 1.5
10562 1 1 1.97 1.5
10563 1 2 1.77 1
10564 1 2 0.84 1
10565 1 2 3.72 2
10566 1 2 2.66 1.5
10567 1 1 3.74 2
10568 1 2 1.13 1
10569 1 2 2.78 1.5
10570 1 2 1.27 1
10571 1 2 2.97 1.5
10572 1 2 1.49 1
10573 1 2 1.69 1.5
10574 1 2 0.57 1
10575 1 2 1.49 1.5
10576 1 2 1.83 1.5
10577 1 2 1.6 1.5
10578 1 2 0.48 1
10579 1 2 1.21 1
10580 1 2 1.09 1
10581 1 2 0.71 1
10582 1 2 2.01 1.5
10583 1 2 1.42 1
10584 1 2 1.36 1.5
10585 1 1 1.89 1.5
10586 1 2 2.64 1.5
10587 1 2 2.58 1.5
10588 1 2 1.01 1
10589 1 2 2.26 1.5
10590 1 2 0.4 1
10591 1 2 0.91 1
10592 1 2 0.79 1
10593 1 2 0.5 1
10594 1 2 3.85 2
10595 1 2 1.15 1
10596 1 1 3.99 2
10597 1 1 3.28 2
10598 1 2 1.43 1.5
10599 1 2 1.43 1.5
10600 1 2 4.59 2.5
10601 1 2 2.76 1.5
10602 1 2 1.61 1.5
10603 1 1 0.79 1
10604 1 2 2.02 1.5
10605 1 2 0.55 1
10606 1 2 1.01 1
10607 1 2 2.76 1.5
10608 1 2 1.78 1.5
10609 1 2 0.49 1
10610 1 2 4.01 2.5
10611 1 2 3.22 2
10612 1 2 1.14 1
10613 1 2 2.52 1.5
10614 1 2 0.48 1
10615 1 2 1.57 1
10616 1 2 2.7 1.5
10617 1 2 2.23 1.5
10618 1 1 2.3 1.5
10619 1 2 2.11 1.5
10620 1 2 1.91 1.5
10621 1 2 0.98 1
10622 1 2 1.43 1.5
10623 1 2 1.66 1.5
10624 1 2 5.71 3
10625 1 1 2.8 1.5
10626 1 1 2.74 2
10627 1 2 0.83 1
10628 1 2 1.03 1
10629 1 2 6.88 3
10630 1 2 1.95 1.5
10631 1 2 1.45 1.5
10632 1 1 0.85 1
10633 1 2 1.5 1
10634 1 2 2.12 1.5
10635 1 2 2.24 1.5
10636 1 1 2.41 1.5
10637 1 2 1.53 1.5
10638 1 1 1.8 1.5
10639 1 2 2.52 1.5
10640 1 1 1.77 1.5
10641 1 2 1.49 1
10642 1 2 0.57 1
10643 1 1 0.98 1
10644 1 2 2.93 2
10645 1 1 4.52 2.5
10646 1 1 3.65 2
10647 1 2 3.61 2
10648 1 2 0.55 1
10649 1 1 6.54 3
10650 1 2 1.69 1.5
10651 1 2 3.98 2
10652 1 2 1.61 1.5
10653 1 1 0.89 1
10654 1 1 1.03 1
10655 1 1 1.74 1.5
10656 1 1 2.73 2
10657 1 1 3.86 2
10658 1 1 3.88 2
10659 1 2 1.619763835 1
10660 1 2 2.42 1.5
10661 1 2 3.47 2
10662 1 1 1.81 1.5
10663 1 1 1.16 1
10664 1 2 1.47 1
10665 1 1 1.5 1.5
10666 1 1 1.91 1.5
10667 1 2 0.76 1
10668 1 2 1.6 1.5
10669 1 2 2.18 1.5
10670 1 1 2.85 2
10671 1 1 2.71 1.5
10672 1 1 1 1
10673 1 1 3.45 2
10674 1 2 1.54 1.5
10675 1 1 2.93 2
10676 1 1 1.72 1.5
10677 1 2 2.71 1.5
10678 1 2 0.43 1
10679 1 1 1.94 1.5
10680 1 2 1.95 1.5
10681 1 2 2.7 2
10682 1 2 2.56 1.5
10683 1 1 5.19 2.5
10684 1 1 1.88 1.5
10685 1 1 2.75 1.5
10686 1 2 3.16 2
10687 1 1 1.75 1.5
10688 1 1 2.57 1.5
10689 1 2 1.75 1.5
10690 1 1 3.59 2
10691 1 2 7.11 3.5
10692 1 1 2.19 1.5
10693 1 1 1.11 1
10694 1 2 0.62 1
10695 1 2 1.19 1
10696 1 2 3.29 2
10697 1 2 2.58 1.5
10698 1 1 3.29 2
10699 1 2 2.99 2
10700 1 1 2.31 1.5
10701 1 2 3.26 2
10702 1 2 2.66 1.5
10703 1 2 3.39 2
10704 1 2 1.38 1.5
10705 1 1 1.14 1
10706 1 1 5.16 2.5
10707 1 2 1.52 1.5
10708 1 2 1.36 1.5
10709 1 1 3.73 2
10710 1 1 3.46 2
10711 1 2 2.8 1.5
10712 1 2 0.9 1
10713 1 2 2.74 2
10714 1 2 3.883450026 2
10715 1 1 5.56 3
10716 1 1 2.16 1.5
10717 1 2 0.79 1
10718 1 2 0.03 1
10719 1 2 3.56 2
10720 1 1 0.53 1
10721 1 2 3.2 2
10722 1 2 6.92 3.5
10723 1 1 3.09 2
10724 1 2 1.56 1.5
10725 1 1 1.62 1
10726 1 2 1.38 1.5
10727 1 2 1.31 1.5
10728 1 1 1.7 1.5
10729 1 2 3.01 2
10730 1 2 1.45 1.5
10731 1 1 4.06 2
10732 1 2 1.82 1.5
10733 1 2 0.36 1
10734 1 1 1.65 1.5
10735 1 2 1.95 1.5
10736 1 2 1.5 1
10737 1 2 3.31 2
10738 1 2 6.33 3
10739 1 2 0.84 1
10740 1 1 2.78 2
10741 1 2 2.01 1.5
10742 1 1 0.21 1
10743 1 2 0.7 1
10744 1 1 2.42 1.5
10745 1 2 0.79 1
10746 1 2 2.87 1.5
10747 1 1 3.03 2
10748 1 2 2.22 1.5
10749 1 2 0.62 1
10750 1 2 2.96 2
10751 1 2 3.67 2
10752 1 1 1.64 1.5
10753 1 1 3.83 2
10754 1 2 2.88 2
10755 1 2 1.29 1
10756 1 1 1.49 1
10757 1 1 4.770119503 2.5
10758 1 2 2.2 1.5
10759 1 2 3.55 2
10760 1 1 1.26 1
10761 1 2 3.53 2
10762 1 2 4.08 2
10763 1 2 1.35 1
10764 1 1 4.53 2.5
10765 1 1 3.14 2
10766 1 2 0.67 1
10767 1 1 2.9 1.5
10768 1 1 1.64 1.5
10769 1 1 2.89 1.5
10770 1 1 3.29 2
10771 1 2 3.34 2
10772 1 2 2.8 2
10773 1 2 1.03 1
10774 1 1 2.96 2
10775 1 1 2.28 1.5
10776 1 2 3.84 2
10777 1 2 2.06 1.5
10778 1 1 7.86 3.5
10779 1 1 7.11 3.5
10780 1 2 1.82 1.5
10781 1 1 3.71 2
10782 1 2 1.81 1.5
10783 1 2 3.67 2
10784 1 1 3.71 2
10785 1 1 7.32 3.5
10786 1 1 1.79 1.5
10787 1 2 1.54 1.5
10788 1 2 5.35 2.5
10789 1 1 5.07 2.5
10790 1 1 2.6 1.5
10791 1 2 1.75 1.5
10792 1 1 2.82 2
10793 1 1 1.69 1.5
10794 1 2 1.87 1.5
10795 1 1 3.53 2
10796 1 1 2.82 1.5
10797 1 1 2.77 1.5
10798 1 2 1.7 1.5
10799 1 2 3.48 2
10800 1 2 1.72 1
10801 1 2 2.12 1.5
10802 1 2 1.53 1.5
10803 1 1 1.29 1
10804 1 2 0.86 1
10805 1 2 0.93 1
10806 1 2 1.87 1.5
10807 1 1 2.75 2
10808 1 1 1.28 1
10809 1 2 0.46 1
10810 1 2 2 1.5
10811 1 1 2.91 2
10812 1 2 3.42 2
10813 1 2 0.73 1
10814 1 1 5.8 3
10815 1 1 1.73 1.5
10816 1 2 2.19 1.5
10817 1 1 1.76 1.5
10818 1 1 2.64 1.5
10819 1 2 3.74 2
10820 1 2 2.33 1.5
10821 1 1 6.25 3.5
10822 1 2 1.19 1
10823 1 2 2.47 1.5
10824 1 2 0.76 1
10825 1 2 0.39 1
10826 1 2 0.66 1
10827 1 2 0.63 1
10828 1 2 0.9 1
10829 1 1 1.09 1
10830 1 1 0.67 1
10831 1 2 0.68 1
10832 1 1 5.5 3
10833 1 2 0.05 1
10834 1 2 1.57 1
10835 1 2 5.23 2.5
10836 1 1 1.88 1.5
10837 1 2 1.62 1
10838 1 2 3.97 2
10839 1 2 1.78 1.5
10840 1 2 3.29 2
10841 1 2 2.38 1.5
10842 1 1 2.34 1.5
10843 1 2 0.21 1
10844 1 2 3.35 2
10845 1 1 3.12 2
10846 1 2 2.03 1.5
10847 1 2 0.6 1
10848 1 1 0.59 1
10849 1 2 2.79 1.5
10850 1 2 2.39 1.5
10851 1 1 4.08 2
10852 1 1 2.6 1.5
10853 1 2 2.78 2
10854 1 2 0.64 1
10855 1 2 1.79 1.5
10856 1 1 1.52 1.5
10857 1 2 5.01 2.5
10858 1 2 1.74 1.5
10859 1 1 0.94 1
10860 1 2 1.73 1
10861 1 2 1.52 1
10862 1 1 1.66 1
10863 1 2 2.27 1.5
10864 1 1 10.16 4
10865 1 1 1.38 1.5
10866 1 2 3.7 2
10867 1 1 1.31 1.5
10868 1 1 2.01 1.5
10869 1 2 1.24 1
10870 1 2 1.95 1.5
10871 1 2 2.94 2
10872 1 2 2.79 2
10873 1 1 0.47 1
10874 1 1 6.29 3
10875 1 2 1.05 1
10876 1 1 7.79 3.5
10877 1 1 4.16 2.5
10878 1 2 2.72 1.5
10879 1 2 3.87 2
10880 1 1 2.26 1.5
10881 1 2 2.87 1.5
10882 1 1 6.83 3.5
10883 1 2 1.77 1.5
10884 1 2 4.05 2
10885 1 2 5.48 2.5
10886 1 1 2.32 1.5
10887 1 1 6.43 3
10888 1 2 1.32 1.5
10889 1 1 2.78 1.5
10890 1 2 0.86 1
10891 1 2 1.27 1
10892 1 2 0.31 1
10893 1 2 1.03 1
10894 1 2 0.99 1
10895 1 2 1.14 1
10896 1 1 2.49 1.5
10897 1 2 0.79 1
10898 1 1 5.55 3
10899 1 1 0.82 1
10900 1 2 2.62 1.5
10901 1 2 2.16 1.5
10902 1 1 7.74 3.5
10903 1 2 1.9 1.5
10904 1 2 1.28 1
10905 1 2 0.96 1
10906 1 1 1.84 1.5
10907 1 1 1.33 1.5
10908 1 2 2.33 1.5
10909 1 2 0.87 1
10910 1 1 0.36 1
10911 1 1 4 2
10912 1 2 1.28 1
10913 1 1 0.24 1
10914 1 1 0.47 1
10915 1 1 0.45 1
10916 1 1 5.99 3
10917 1 2 2.48 1.5
10918 1 1 4.66 2.5
10919 1 1 1.93 1.5
10920 1 2 1.4 1.5
10921 1 1 0.9 1
10922 1 2 1.28 1
10923 1 2 1.5 1.5
10924 1 2 3.03 2
10925 1 2 1.34 1
10926 1 2 1.08 1
10927 1 2 3.73 2
10928 1 2 6.47 3
10929 1 1 2.84 1.5
10930 1 1 2.64 1.5
10931 1 1 5.59 3
10932 1 1 3.13 2
10933 1 1 2.79 1.5
10934 1 1 2.76 2
10935 1 2 2.53 1.5
10936 1 1 2.38 1.5
10937 1 2 3.34 2
10938 1 2 1.53 1.5
10939 1 1 6.73 3
10940 1 1 1.83 1.5
10941 1 2 8.32 3.5
10942 1 2 1.57 1
10943 1 1 2.08 1.5
10944 1 2 1.47 1.5
10945 1 1 3.07 2
10946 1 2 1.68 1.5
10947 1 2 2.69 1.5
10948 1 1 3.3 2
10949 1 2 1.55 1.5
10950 1 2 2.75 2
10951 1 1 5.86 3
10952 1 1 1.87 1.5
10953 1 1 5.51 3
10954 1 1 1.59 1.5
10955 1 2 1.26 1
10956 1 1 2.82 2
10957 1 1 1.69 1.5
10958 1 2 1.23 1
10959 1 1 1.75 1.5
10960 1 1 4.06 2
10961 1 1 1.31 1
10962 1 1 2.95 1.5
10963 1 1 1.99 1.5
10964 1 2 0.57 1
10965 1 1 1.97 1.5
10966 1 1 1.31 1.5
10967 1 2 0.7 1
10968 1 1 2.68 1.5
10969 1 1 3.39 2
10970 1 1 1.38 1
10971 1 2 2.75 1.5
10972 1 1 1.26 1
10973 1 1 4.39 2.5
10974 1 2 2.76 1.5
10975 1 2 1.79 1
10976 1 2 3.77 2
10977 1 1 0.3 1
10978 1 2 1.53 1.5
10979 1 2 3.57 2
10980 1 1 1.07 1
10981 1 1 0.9 1
10982 1 2 6.03 3
10983 1 1 2.62 1.5
10984 1 2 3.52 2
10985 1 2 1.22 1
10986 1 1 1.44 1.5
10987 1 2 0.88 1
10988 1 2 0.79 1
10989 1 2 1.41 1.5
10990 1 1 2.78 2
10991 1 2 1.68 1.5
10992 1 1 2.57 1.5
10993 1 1 3.33 2
10994 1 1 2.99 1.5
10995 1 1 1.26 1
10996 1 2 2.01 1.5
10997 1 2 1.45 1.5
10998 1 2 3.69 2
10999 1 2 1.13 1
11000 1 2 1.67 1.5
11001 1 2 1.48 1
11002 1 2 2.87 1.5
11003 1 2 4.39 2.5
11004 1 2 2.13 1.5
11005 1 2 2.05 1.5
11006 1 2 1.56 1
11007 1 2 0.82 1
11008 1 2 2.03 1.5
11009 1 1 7.43 3.5
11010 1 2 3.22 2
11011 1 2 3.86 2
11012 1 1 2.71 1.5
11013 1 1 2.69 1.5
11014 1 1 2.71 1.5
11015 1 2 6.13 3
11016 1 1 2.71 2
11017 1 1 7.07 3.5
11018 1 1 2.23 1.5
11019 1 1 0.82 1
11020 1 1 5.53 3
11021 1 1 2.07 1.5
11022 1 1 1.68 1
11023 1 1 3.03 1.5
11024 1 2 1.15 1
11025 1 1 2.97 2
11026 1 2 2.96 1.5
11027 1 2 1.51 1.5
11028 1 1 2.74 1.5
11029 1 1 4.23 2.5
11030 1 1 1.69 1
11031 1 1 1.41 1
11032 1 1 2.63 1.5
11033 1 2 3.61 2
11034 1 1 2.91 1.5
11035 1 2 0.55 1
11036 1 1 2.26 1.5
11037 1 2 6.45 3
11038 1 1 2.75 1.5
11039 1 1 1.98 1.5
11040 1 2 0.99 1
11041 1 2 1.98 1.5
11042 1 2 3.03 1.5
11043 1 2 1.97 1.5
11044 1 2 5.65 3
11045 1 1 2.83 2
11046 1 1 3.49 2
11047 1 2 0.79 1
11048 1 1 1.09 1
11049 1 1 5.42 2.5
11050 1 1 1.61 1
11051 1 2 0.83 1
11052 1 2 1.17 1
11053 1 2 3.34 2
11054 1 2 1.2 1
11055 1 2 1.88 1.5
11056 1 2 2.89 2
11057 1 2 1.55 1.5
11058 1 2 0.91 1
11059 1 2 0.84 1
11060 1 2 2.87 1.5
11061 1 2 1.68 1.5
11062 1 2 3.65 2
11063 1 2 2.88 2
11064 1 2 2.31 1.5
11065 1 2 2.81 2
11066 1 2 3.23 2
11067 1 2 0.93 1
11068 1 2 1.88 1.5
11069 1 2 2.26 1.5
11070 1 2 2.98 1.5
11071 1 2 1.81 1.5
11072 1 2 2.91 1.5
11073 1 2 2.24 1.5
11074 1 2 3.38 2
11075 1 2 4.1 2.5
11076 1 2 1.02 1
11077 1 2 3.03 1.5
11078 1 2 2.01 1.5
11079 1 2 0.86 1
11080 1 2 1.85 1.5
11081 1 2 2.39 1.5
11082 1 2 2.12 1.5
11083 1 2 1.62 1
11084 1 2 2.38 1.5
11085 1 2 2.77 1.5
11086 1 2 2.93 1.5
11087 1 2 2.69 1.5
11088 1 2 5.14 2.5
11089 1 2 4.72 2.5
11090 1 2 2.25 1.5
11091 1 2 1.69 1.5
11092 1 2 1.67 1
11093 1 2 2.78 1.5
11094 1 2 3.65 2
11095 1 2 2.98 1.5
11096 1 2 3.8 2
11097 1 2 4.46 2.5
11098 1 2 4.05 2
11099 1 2 3.62 2
11100 1 2 0.97 1
11101 1 1 1.7 1.5
11102 1 1 0.73 1
11103 1 2 2.28 1.5
11104 1 1 1.5 1.5
11105 1 1 1.26 1
11106 1 2 1.51 1
11107 1 2 4.03 2
11108 1 2 1.2 1
11109 1 2 0.97 1
11110 1 2 2.87 1.5
11111 1 2 2.93 1.5
11112 1 2 1.09 1
11113 1 2 2.5 1.5
11114 1 2 2 1.5
11115 1 2 3.95 2
11116 1 2 2 1.5
11117 1 1 0.9 1
11118 1 1 5.43 3
11119 1 2 1.44 1
11120 1 1 1.54 1
11121 1 1 0.98 1
11122 1 1 3.78 2
11123 1 2 1.65 1
11124 1 2 1.59 1
11125 1 1 0.53 1
11126 1 2 2.98 1.5
11127 1 1 2.64 1.5
11128 1 1 6.46 3
11129 1 1 2.67 1.5
11130 1 1 2.7 1.5
11131 1 1 1.76 1
11132 1 1 2.48 1.5
11133 1 2 1.93 1.5
11134 1 1 1.78 1
11135 1 1 1.51 1
11136 1 1 1.51 1
11137 1 2 2.07 1.5
11138 1 1 3.52 2
11139 1 1 8.77 4
11140 1 1 1.38 1.5
11141 1 2 1.6 1
11142 1 2 2.47 1.5
11143 1 1 1.24 1
11144 1 1 1.04 1
11145 1 1 0.78 1
11146 1 1 3.66 2
11147 1 1 1.28 1
11148 1 1 2.24 1.5
11149 1 1 2.96 2
11150 1 2 1.7 1
11151 1 2 3.79 2
11152 1 2 5.83 3
11153 1 2 1.41 1
11154 1 1 2.35 1.5
11155 1 2 1.43 1
11156 1 1 0.66 1
11157 1 1 2.39 1.5
11158 1 1 6.56 3.5
11159 1 2 2.79 2
11160 1 2 2.98 1.5
11161 1 2 0.67 1
11162 1 2 0.73 1
11163 1 1 1.38 1.5
11164 1 1 2.17 1.5
11165 1 2 1.25 1
11166 1 1 1.66 1
11167 1 2 0.74 1
11168 1 2 1.83 1.5
11169 1 1 0.11 1
11170 1 1 1.64 1
11171 1 2 0.7 1
11172 1 1 0.22 1
11173 1 1 2.61 1.5
11174 1 1 1.82 1.5
11175 1 1 2.8 2
11176 1 1 4.06 2
11177 1 2 1.62 1
11178 1 1 1.13 1
11179 1 2 1.2 1
11180 1 1 2.15 1.5
11181 1 2 3.04 2
11182 1 2 1.17 1
11183 1 1 4.05 2
11184 1 1 1.13 1
11185 1 2 3.01 1.5
11186 1 2 3.4 2
11187 1 1 4.35 2.5
11188 1 2 1.35 1.5
11189 1 1 1.62 1.5
11190 1 2 4.07 2
11191 1 1 1.63 1.5
11192 1 2 0.78 1
11193 1 2 0.22 1
11194 1 2 1.07 1
11195 1 2 1.19 1
11196 1 2 1.84 1.5
11197 1 1 1.02 1
11198 1 2 1.87 1.5
11199 1 1 0.58 1
11200 1 2 1.48 1.5
11201 1 2 0.63 1
11202 1 1 2.68 1.5
11203 1 2 0.6 1
11204 1 1 0.49 1
11205 1 1 8.07 4
11206 1 2 1.04 1
11207 1 1 1.23 1
11208 1 1 3.05 1.5
11209 1 1 1.12 1
11210 1 2 1.67 1.5
11211 1 2 2.21 1.5
11212 1 2 2.55 1.5
11213 1 1 1.69 1.5
11214 1 2 3.08 2
11215 1 2 0.93 1
11216 1 1 0.52 1
11217 1 1 1.82 1.5
11218 1 1 0.69 1
11219 1 2 2.8 2
11220 1 1 2.24 1.5
11221 1 1 0.94 1
11222 1 2 0.53 1
11223 1 2 1.83 1.5
11224 1 2 1.71 1.5
11225 1 1 4.07 2.5
11226 1 1 4.38 2.5
11227 1 2 1.08 1
11228 1 1 1.01 1
11229 1 2 0.89 1
11230 1 2 2.33 1.5
11231 1 2 2.96 2
11232 1 1 2.15 1.5
11233 1 2 0.56 1
11234 1 1 3.57 2
11235 1 2 1.07 1
11236 1 2 3.08 2
11237 1 1 1.91 1.5
11238 1 1 0.45 1
11239 1 1 0.89 1
11240 1 2 1.49 1
11241 1 1 3.32 2
11242 1 2 2.58 1.5
11243 1 2 1.88 1.5
11244 1 1 2.44 1.5
11245 1 2 1.33 1
11246 1 1 2.57 1.5
11247 1 1 0.84 1
11248 1 1 0.55 1
11249 1 2 1.78 1.5
11250 1 1 3.56 2
11251 1 2 1.73 1
11252 1 2 0.43 1
11253 1 1 0.89 1
11254 1 2 2.37 1.5
11255 1 1 2.63 1.5
11256 1 1 3.46 2
11257 1 1 2.17 1.5
11258 1 1 6.38 3
11259 1 2 5.29 2.5
11260 1 2 0.69 1
11261 1 1 3.8 2
11262 1 1 1.26 1
11263 1 2 1.55 1.5
11264 1 2 5.75 3
11265 1 1 2.49 1.5
11266 1 1 3.84 2
11267 1 2 0.35 1
11268 1 2 2.56 1.5
11269 1 2 1.66 1.5
11270 1 1 0.64 1
11271 1 2 1.96 1.5
11272 1 2 1.27 1
11273 1 1 1.55 1.5
11274 1 2 2.62 1.5
11275 1 2 2.34 1.5
11276 1 1 1.83 1.5
11277 1 1 1.53 1
11278 1 1 4.05 2
11279 1 1 1.8 1.5
11280 1 2 1.77 1
11281 1 2 3.95 2
11282 1 1 2.03 1.5
11283 1 1 2.03 1.5
11284 1 2 1.37 1.5
11285 1 1 2.74 2
11286 1 2 1.38 1.5
11287 1 2 2.2 1.5
11288 1 1 3.67 2
11289 1 1 1.11 1
11290 1 1 3.41 2
11291 1 1 1.81 1.5
11292 1 1 1.4 1.5
11293 1 2 1.84 1.5
11294 1 2 0.79 1
11295 1 2 2.37 1.5
11296 1 1 1.28 1
11297 1 1 4.09 2
11298 1 1 2.86 1.5
11299 1 1 2.54 1.5
11300 1 1 1.76 1.5
11301 1 2 2.71 2
11302 1 1 2.65 1.5
11303 1 2 2.62 1.5
11304 1 1 0.95 1
11305 1 2 0.49 1
11306 1 1 2.25 1.5
11307 1 2 0.85 1
11308 1 2 1.19 1
11309 1 2 1.43 1.5
11310 1 1 9.63 4
11311 1 1 1.4 1.5
11312 1 1 2.12 1.5
11313 1 1 3.01 2
11314 1 2 1.69 1.5
11315 1 1 1.94 1.5
11316 1 2 1.66 1.5
11317 1 1 1.79 1.5
11318 1 1 3.8 2
11319 1 1 0.52 1
11320 1 1 1.01 1
11321 1 1 2.41 1.5
11322 1 1 2.66 1.5
11323 1 2 2.45 1.5
11324 1 2 3.84 2
11325 1 1 2.94 2
11326 1 2 5.15 2.5
11327 1 2 2.97 2
11328 1 1 1.02 1
11329 1 2 3.04 2
11330 1 2 3.42 2
11331 1 2 1.13 1
11332 1 2 0.3 1
11333 1 1 1.85 1.5
11334 1 2 3.02 2
11335 1 1 2.44 1.5
11336 1 1 2.18 1.5
11337 1 2 2.12 1.5
11338 1 2 7.56 3.5
11339 1 1 1.12 1
11340 1 2 1.91 1.5
11341 1 2 2.83 1.5
11342 1 1 2.75 1.5
11343 1 2 1.25 1
11344 1 1 3.13 2
11345 1 1 1.26 1
11346 1 2 1.92 1.5
11347 1 2 0.47 1
11348 1 2 1.83 1.5
11349 1 2 0.99 1
11350 1 1 1.31 1.5
11351 1 2 2.38 1.5
11352 1 1 3.62 2
11353 1 2 2.11 1.5
11354 1 2 2.57 1.5
11355 1 2 0.79 1
11356 1 1 1.53 1.5
11357 1 2 3.08 2
11358 1 1 2.47 1.5
11359 1 2 4.8 2.5
11360 1 2 0.79 1
11361 1 2 1.23 1
11362 1 2 4.26 2.5
11363 1 1 5.4 2.5
11364 1 1 2.87 2
11365 1 1 1.81 1.5
11366 1 2 2.77 2
11367 1 2 0.59 1
11368 1 2 1.58 1
11369 1 2 0.95 1
11370 1 1 2.9 2
11371 1 2 1.02 1
11372 1 2 1.23 1
11373 1 2 3.89 2
11374 1 2 1.89 1.5
11375 1 2 0.43 1
11376 1 1 1.37 1.5
11377 1 2 1.52 1.5
11378 1 2 1.82 1.5
11379 1 2 1.97 1.5
11380 1 2 0.99 1
11381 1 1 3.48 2
11382 1 1 5.54 3
11383 1 1 0.96 1
11384 1 2 1.77 1.5
11385 1 2 1.35 1.5
11386 1 2 1.31 1
11387 1 2 2.62 1.5
11388 1 1 1.76 1.5
11389 1 1 2.31 1.5
11390 1 1 3.4 2
11391 1 1 3.59 2
11392 1 1 3.35 2
11393 1 1 2.35 1.5
11394 1 1 1.98 1.5
11395 1 2 2.81 2
11396 1 1 0.52 1
11397 1 1 1.03 1
11398 1 2 0.91 1
11399 1 1 2.02 1.5
11400 1 2 1.51 1.5
11401 1 2 0.47 1
11402 1 2 0.86 1
11403 1 2 0.21 1
11404 1 2 1.79 1.5
11405 1 1 1.24 1
11406 1 2 0.89 1
11407 1 2 4.4 2.5
11408 1 2 3.32 2
11409 1 2 1.67 1.5
11410 1 2 2.84 1.5
11411 1 2 4.41 2.5
11412 1 2 5.2 2.5
11413 1 1 1.13 1
11414 1 2 1.91 1.5
11415 1 2 1.47 1.5
11416 1 2 1.49 1
11417 1 1 1.9 1.5
11418 1 2 1.4 1.5
11419 1 2 3.63 2
11420 1 2 2.05 1.5
11421 1 2 1.53 1.5
11422 1 2 1.97 1.5
11423 1 2 1.25 1
11424 1 2 0.77 1
11425 1 2 3.38 2
11426 1 2 1.94 1.5
11427 1 2 1.52 1.5
11428 1 2 1.25 1
11429 1 2 2.34 1.5
11430 1 2 5.09 2.5
11431 1 2 0.9 1
11432 1 2 2.01 1.5
11433 1 2 2.75 2
11434 1 2 3.88 2
11435 1 1 2.15 1.5
11436 1 2 1.2 1
11437 1 2 2.21 1.5
11438 1 2 2.87 1.5
11439 1 2 2.92 1.5
11440 1 1 2.96 2
11441 1 2 1.94 1.5
11442 1 2 2.01 1.5
11443 1 2 2.81 1.5
11444 1 2 0.94 1
11445 1 2 2.49 1.5
11446 1 1 2.08 1.5
11447 1 2 1.38 1.5
11448 1 2 0.72 1
11449 1 1 2.09 1.5
11450 1 2 0.45 1
11451 1 1 1.68 1.5
11452 1 2 3.81 2
11453 1 2 2.9 1.5
11454 1 2 2.77 1.5
11455 1 1 2.89 1.5
11456 1 2 1.03 1
11457 1 2 1.61 1
11458 1 2 1.43 1.5
11459 1 2 2.26 1.5
11460 1 1 1.8 1.5
11461 1 2 3 2
11462 1 2 3.53 2
11463 1 2 3.54 2
11464 1 2 3.67 2
11465 1 2 2.82 1.5
11466 1 2 2.73 2
11467 1 2 1.15 1
11468 1 2 3.26 2
11469 1 2 5.7 3
11470 1 2 1.45 1.5
11471 1 2 1.06 1
11472 1 2 0.95 1
11473 1 1 1.95 1.5
11474 1 2 2.16 1.5
11475 1 2 0.63 1
11476 1 2 3.36 2
11477 1 2 1.27 1
11478 1 2 1.32 1.5
11479 1 2 3.26 2
11480 1 2 2.34 1.5
11481 1 2 3.02 2
11482 1 2 0.71 1
11483 1 2 1.43 1.5
11484 1 2 1.86 1.5
11485 1 2 1.72 1.5
11486 1 2 2.54 1.5
11487 1 2 0.44 1
11488 1 2 2.75 1.5
11489 1 2 2.18 1.5
11490 1 2 1 1
11491 1 2 2.69 1.5
11492 1 2 2.74 1.5
11493 1 2 6.05 3
11494 1 2 0.87 1
11495 1 1 1.6 1.5
11496 1 2 1.02 1
11497 1 2 1.46 1
11498 1 2 1.45 1
11499 1 2 1.51 1.5
11500 1 2 1.14 1
11501 1 1 1.03 1
11502 1 2 3.02 2
11503 1 2 2.2 1.5
11504 1 2 3.36 2
11505 1 2 2.86 2
11506 1 2 1.39 1
11507 1 2 1.74 1.5
11508 1 1 1.17 1
11509 1 2 2.89 1.5
11510 1 2 1.56 1
11511 1 2 2.86 1.5
11512 1 2 0.38 1
11513 1 2 6 3
11514 1 2 1.4 1
11515 1 2 2.16 1.5
11516 1 2 0.75 1
11517 1 2 4.09 2
11518 1 2 3.77 2
11519 1 2 4.08 2
11520 1 2 3.68 2
11521 1 2 1.26 1
11522 1 2 1.12 1
11523 1 2 1.13 1
11524 1 2 1.33 1
11525 1 2 1.17 1
11526 1 2 1.88 1.5
11527 1 2 0.86 1
11528 1 2 0.69 1
11529 1 2 1.37 1.5
11530 1 2 1.89 1.5
11531 1 2 1.99 1.5
11532 1 1 5.28 2.5
11533 1 2 4.09 2
11534 1 2 2.87 1.5
11535 1 2 3.09 2
11536 1 2 3.89 2
11537 1 2 1.32 1
11538 1 2 2.86 1.5
11539 1 2 2.04 1.5
11540 1 2 1.2 1
11541 1 2 0.94 1
11542 1 2 1.48 1
11543 1 2 2.54 1.5
11544 1 2 0.77 1
11545 1 2 0.73 1
11546 1 2 1.36 1
11547 1 2 1.48 1
11548 1 2 4.48 2.5
11549 1 2 1.58 1.5
11550 1 2 0.74 1
11551 1 2 3.24 2
11552 1 2 2.94 2
11553 1 1 3.17 2
11554 1 2 1.83 1.5
11555 1 2 2.18 1.5
11556 1 2 2.59 1.5
11557 1 2 1.1 1
11558 1 2 3.37 2
11559 1 2 1.31 1.5
11560 1 1 0.57 1
11561 1 2 3.64 2
11562 1 2 4.89 2.5
11563 1 2 1.95 1.5
11564 1 2 0.66 1
11565 1 1 3.19 2
11566 1 2 1.94 1.5
11567 1 2 3.69 2
11568 1 2 4.81 2.5
11569 1 1 5.28 3
11570 1 1 1.43 1
11571 1 1 1.69 1.5
11572 1 1 11.3 4
11573 1 2 9.82 4
11574 1 1 3.14 2
11575 1 2 2.16 1.5
11576 1 2 2.53 1.5
11577 1 1 3.08 2
11578 1 2 2.02 1.5
11579 1 1 0.84 1
11580 1 1 1.13 1
11581 1 1 3.04 1.5
11582 1 1 2.94 2
11583 1 2 1.89 1.5
11584 1 1 1.73 1
11585 1 1 2.03 1.5
11586 1 1 3.49 2
11587 1 1 4.05 2
11588 1 1 1.35 1.5
11589 1 1 2.38 1.5
11590 1 1 3.25 2
11591 1 1 1.6 1.5
11592 1 1 1.89 1.5
11593 1 2 2.43 1.5
11594 1 1 1.81 1.5
11595 1 2 0.96 1
11596 1 1 0.88 1
11597 1 2 3.01 1.5
11598 1 2 1.4 1
11599 1 1 1.8 1.5
11600 1 2 3.08 2
11601 1 2 1.53 1
11602 1 1 3.57 2
11603 1 1 2.69 1.5
11604 1 2 2 1.5
11605 1 2 2.8 1.5
11606 1 2 2.99 1.5
11607 1 2 3.81 2
11608 1 2 3.9 2
11609 1 1 1.29 1
11610 1 2 1.65 1.5
11611 1 1 4.98 2.5
11612 1 2 1.28 1
11613 1 2 5.65 3
11614 1 2 1.53 1
11615 1 1 1.73 1.5
11616 1 1 1.47 1
11617 1 1 1.86 1.5
11618 1 1 2.63 1.5
11619 1 1 0.84 1
11620 1 2 1.66 1
11621 1 1 3.01 2
11622 1 1 3.38 2
11623 1 2 2.89 1.5
11624 1 1 1.51 1.5
11625 1 1 6.56 3
11626 1 2 0.61 1
11627 1 2 0.61 1
11628 1 1 3.73 2
11629 1 2 3.89 2
11630 1 1 3.61 2
11631 1 1 1.32 1.5
11632 1 1 4.27 2.5
11633 1 2 3.59 2
11634 1 2 4.3 2.5
11635 1 2 0.54 1
11636 1 1 2.93 2
11637 1 2 3.47 2
11638 1 2 2.21 1.5
11639 1 2 3.4 2
11640 1 2 2.17 1.5
11641 1 2 3.52 2
11642 1 2 1.21 1
11643 1 2 2.49 1.5
11644 1 2 1.48 1
11645 1 2 1.02 1
11646 1 2 2.28 1.5
11647 1 1 1.13 1
11648 1 2 0.76 1
11649 1 2 2 1.5
11650 1 2 1.55 1
11651 1 2 1.63 1.5
11652 1 1 3.6 2
11653 1 1 3.35 2
11654 1 2 2.45 1.5
11655 1 1 1.26 1
11656 1 1 2.27 1.5
11657 1 1 1.98 1.5
11658 1 2 1.28 1
11659 1 1 1.16 1
11660 1 1 1.24 1
11661 1 1 1.14 1
11662 1 1 2.76 1.5
11663 1 1 3.52 2
11664 1 1 1.59 1.5
11665 1 1 2.95 1.5
11666 1 1 3.53 2
11667 1 1 1.4 1.5
11668 1 1 3.7 2
11669 1 2 3.37 2
11670 1 1 3.76 2
11671 1 1 3.92 2
11672 1 1 3.2 2
11673 1 1 3.27 2
11674 1 1 1.71 1
11675 1 1 1.42 1
11676 1 1 1.82 1.5
11677 1 1 1.12 1
11678 1 1 3.33 2
11679 1 2 1.56 1
11680 1 1 1.53 1.5
11681 1 1 3.57 2
11682 1 1 1.22 1
11683 1 1 1.48 1
11684 1 1 3.72 2
11685 1 1 1.36 1.5
11686 1 1 2.47 1.5
11687 1 2 2.83 1.5
11688 1 1 1.84 1.5
11689 1 1 3.32 2
11690 1 2 1.02 1
11691 1 1 3.5 2
11692 1 2 1.79 1.5
11693 1 2 1.36 1
11694 1 1 3.48 2
11695 1 2 3.14 2
11696 1 2 2.14 1.5
11697 1 1 1.31 1
11698 1 2 1.18 1
11699 1 2 2.7 1.5
11700 1 2 1.24 1
11701 1 2 2.97 1.5
11702 1 1 3.93 2
11703 1 1 3.36 2
11704 1 1 1.96 1.5
11705 1 2 3.53 2
11706 1 2 3.96 2
11707 1 2 1.41 1
11708 1 2 2.02 1.5
11709 1 2 3.26 2
