1 1 -6.7953503 -3.0138187
2 1 30.8801086 71.9626427
3 1 35.1095815 78.5091728
4 1 6.5875821 27.2683916
5 1 20.2220142 57.7856075
6 1 1.3123666 27.4008444
7 1 30.2021305 83.2070316
8 1 26.060367 84.0974994
9 1 35.974831 86.1244085
10 1 40.2346567 78.0411725
11 1 34.3265074 79.4432537
12 1 28.0112285 85.0369882
13 1 49.3298378 117.1737871
14 1 29.6104075 80.3734822
15 1 41.7625696 97.9835841
16 1 55.1754915 119.9111465
17 1 26.6266626 81.5955796
18 1 35.425598 99.6329287
19 1 16.4789813 60.6217949
20 1 30.2888961 74.8758193
21 1 67.9346731 155.9100988
22 1 77.3266345 177.3248729
23 1 35.1118598 86.7838895
24 1 44.7581621 87.4917972
25 1 31.9379682 69.059505
26 1 64.2065546 122.5211141
27 1 50.0244114 94.7701841
28 1 75.9870579 160.8574753
29 1 54.9453353 131.2137111
30 1 28.3051243 65.2
31 1 23.0188186 60.7558695
32 1 44.1148106 84.5011082
33 1 32.4552374 84.4387076
34 1 43.8553177 100.6025651
35 1 49.6269607 98.7365914
36 1 65.7423578 150.109957
37 1 81.2427266 170.0605935
38 1 25.7112301 82.7336493
39 1 44.8230768 107.2348744
40 1 74.6857196 146.7820467
41 1 64.0698748 144.6629552
42 1 58.365596 136.2526327
43 1 57.4873283 136.88905
44 1 60.5033942 105.8718278
45 1 66.7996323 154.4275731
46 1 78.9350839 171.7060402
47 1 42.8454104 100.8427118
48 1 49.4989082 133.27626
49 1 48.1682416 100.8401236
50 1 53.678757 131.170501
51 1 44.970641 99.8615846
52 1 64.2134386 125.9771514
53 1 35.5383265 109.4401763
54 1 53.2493023 101.308716
55 1 54.1428618 145.2362425
56 1 56.3322318 131.28465
57 1 32.1939533 67.0959013
58 1 7.5235993 23.0235216
59 1 52.0492565 114.7857227
60 1 74.0457898 138.6143356
61 1 64.2561003 132.626038
62 1 66.1068603 124.0492346
63 1 78.604574 165.7493882
64 1 80.1510332 166.0007552
65 1 71.0983198 159.8520461
66 1 65.1886374 158.4940314
67 1 77.5471184 168.3112828
68 1 69.6986324 136.9765815
69 1 51.0395673 115.4924634
70 1 49.6480451 104.2473262
71 1 45.3412923 117.4073746
72 1 77.4499961 171.576879
73 1 76.9400781 145.271247
74 1 59.4931071 125.55729
75 1 66.6205959 147.5943841
76 1 54.8647979 125.4720389
77 1 66.9149551 140.7815102
78 1 7.7481129 45.3443759
79 1 73.3115552 145.1348588
80 1 40.1112292 108.0469294
81 1 63.2195506 136.5995859
82 1 59.3939251 116.9495949
83 1 54.5369281 104.7377861
84 1 59.3580353 132.4149172
85 1 72.612099 148.2480246
86 1 52.5267205 141.8076579
87 1 67.7340744 156.2385014
88 1 61.4890477 132.965191
89 1 53.6155973 124.8989797
90 1 57.0621694 126.7413908
91 1 34.6118369 125.7234432
92 1 63.8365528 136.6444677
93 1 58.1229846 137.4729067
94 1 54.1430282 129.5798403
95 1 89.0847525 192.1364202
96 1 47.5224256 118.4699157
97 1 55.5839263 110.299441
98 1 32.1942907 101.1520132
99 1 30.8107495 74.6889418
100 1 80.8280819 158.1832107
101 1 86.5311142 192.3765015
102 1 77.7127637 154.9178985
103 1 69.1286089 153.7176172
104 1 75.6398678 148.3780004
105 1 67.4012839 129.735522
106 1 50.0117186 125.7064916
107 1 72.5903051 175.9621097
108 1 37.8815229 111.429909
109 1 35.0582034 104.1974587
110 1 47.2823736 125.9286598
111 1 79.7601007 155.5799864
112 1 49.4115209 109.8254978
113 1 72.7128084 149.6547813
114 1 52.32797 124.6154198
115 1 41.8205399 110.7351449
116 1 71.7692991 141.9473863
117 1 78.3866252 142.1451596
118 1 42.883125 109.0120006
119 1 71.5093673 151.0200154
120 1 76.2511802 175.0743303
121 1 95.6200844 191.8769387
122 1 79.872421 171.471488
123 1 82.1009227 182.0632434
124 1 90.1539811 195.1288723
125 1 79.4081312 165.1964771
126 1 39.542462 108.3659048
127 1 81.5087846 159.5643469
128 1 74.4348987 153.7386651
129 1 53.6143564 125.5414635
130 1 43.3368581 86.0951503
131 1 38.5879435 91.3402863
132 1 37.059814 81.8073665
133 1 91.9803274 185.2209882
134 1 59.6914316 111.1182476
135 1 82.388419 169.8122091
136 1 37.6654964 111.2904595
137 1 84.2887763 175.0497159
138 1 44.612099 124.0103003
139 1 59.7275499 135.7865059
140 1 18.5695888 68.3482318
141 1 71.9493951 131.195706
142 1 69.4026866 158.9717579
143 1 104.9462074 213.6140262
144 1 90.0433472 218.1560779
145 1 79.617809 174.7592936
146 1 84.4893971 164.544786
147 1 86.8652551 174.9939618
148 1 69.2809723 146.6474361
149 1 67.348846 146.4813343
150 1 46.2 118.1241063
151 1 48.293397 129.5011149
152 1 78.1610739 169.9557615
153 1 70.5148681 169.8168493
154 1 78.1228126 161.5669276
155 1 102.0053597 204.0181415
156 1 57.2893961 123.3364441
157 1 55.4503918 144.9031269
158 1 76.4226081 183.1272943
159 1 40.4697397 102.303419
160 1 48.237225 126.9448905
161 1 67.6593109 153.9422693
162 1 52.6050167 137.2325797
163 1 72.3343974 144.7630223
164 1 78.5619112 150.9561767
165 1 75.9340506 148.5935113
166 1 44.4173083 123.4496862
167 1 67.1045194 169.4035798
168 1 70.8205526 155.5044435
169 1 89.6470009 199.2894652
170 1 70.9100933 155.0327801
171 1 74.6015012 157.1364998
172 1 81.3238411 156.744564
173 1 67.1604958 144.4674115
174 1 89.371877 177.1705361
175 1 94.6593835 189.1824454
176 1 80.6042655 156.5136537
177 1 4.0827416 35.2709179
178 1 75.9356185 181.8280394
179 1 90.7633975 170.8647429
180 1 93.076055 200.0671081
181 1 89.28417 193.3065692
182 1 66.6098946 152.6007968
183 1 79.1893226 169.4634679
184 1 79.2 168.3692548
185 1 64.1509974 144.2060537
186 1 55.6490673 127.2386033
187 1 72.3060684 149.6458666
188 1 45.7454448 124.8385003
189 1 39.7005022 105.7127432
190 1 51.9803808 118.4969334
191 1 72.4678348 155.9292427
192 1 85.1574888 192.427026
193 1 52.7052288 122.7726249
194 1 36.5709645 92.9618334
195 1 44.1181399 127.287978
196 1 70.1189305 152.7501802
197 1 65.1401891 154.13757
198 1 88.7824801 192.1005355
199 1 44.1267796 111.6988413
200 1 48.2990645 89.4146977
201 1 25.0058546 139.4670718
202 1 86.4713761 175.9606406
203 1 47.7361871 122.1385518
204 1 75.2096901 142.8365469
205 1 86.7661814 180.4393579
206 1 53.6763014 125.18485
207 1 60.112325 143.454776
208 1 47.2664972 134.1195254
209 1 49.4994979 122.4613619
210 1 74.5524722 166.2037357
211 1 72.9297305 163.0921725
212 1 72.3906078 161.283901
213 1 73.4284215 157.8381011
214 1 80.6337667 180.7485762
215 1 77.9910323 158.3974508
216 1 69.300091 141.122413
217 1 117.0645106 221.0934479
218 1 76.3421011 165.0532752
219 1 66.3341425 147.2219687
220 1 98.3419928 215.8541832
221 1 75.0824529 144.3115601
222 1 74.7562207 162.8922062
223 1 60.0708747 133.6219457
224 1 43.482819 125.4141902
225 1 67.4137477 161.5806917
226 1 46.976375 97.0482293
227 1 50.2993972 129.0026335
228 1 94.0395705 195.4810809
229 1 87.2696677 182.7080185
230 1 84.1835425 167.2913354
231 1 76.1320789 146.9033141
232 1 75.6446379 158.8329049
233 1 76.9235459 170.364934
234 1 48.1873481 117.6265785
235 1 68.7797683 144.4066354
236 1 63.3423014 154.6557355
237 1 98.6185615 196.128921
238 1 47.6566175 125.344644
239 1 54.8545338 120.9538894
240 1 65.3836304 130.7871003
241 1 56.4710093 105.6754617
242 1 64.0321485 140.7529391
243 1 79.5652932 177.5170314
244 1 36.0887781 96.8149551
245 1 70.708862 150.514849
246 1 53.0188366 122.0434743
247 1 46.4997238 117.2582131
248 1 85.6911239 156.3043402
249 1 84.8124891 181.0005704
250 1 78.6615145 167.581299
251 1 77.2910506 179.1875609
252 1 54.120504 143.4759502
253 1 59.0017292 128.9041322
254 1 74.4424242 171.8053205
255 1 67.0205547 148.0040244
256 1 67.9203182 178.0597986
257 1 70.3623555 160.9104967
258 1 57.7377529 147.4171144
259 1 46.1919171 118.5622194
260 1 41.7338903 118.8170592
261 1 46.6718803 117.1923307
262 1 71.2428188 168.1749452
263 1 73.1557517 162.8095345
264 1 63.5003244 153.7524039
265 1 79.0644704 169.609344
266 1 81.0380396 176.7215992
267 1 87.8643477 185.3667895
268 1 40.8098842 113.1264435
269 1 88.4053431 179.5452932
270 1 58.2767943 141.2734995
271 1 70.3227391 151.8202277
272 1 67.4297119 142.9624308
273 1 62.6464889 124.5634108
274 1 74.5711411 149.3848481
275 1 69.0310612 156.3288242
276 1 49.0397083 131.1918923
277 1 81.6710262 157.2399499
278 1 63.1766204 147.1712709
279 1 53.032589 120.7206912
280 1 62.4946207 130.4481565
281 1 80.0069477 162.6696138
282 1 69.0986283 155.1622296
283 1 50.5497195 126.3237566
284 1 75.1393234 169.6273795
285 1 41.9737455 108.0460472
286 1 78.6355933 162.9490174
287 1 76.7673614 175.1598667
288 1 77.7582324 162.6170135
289 1 66.194291 138.2339244
290 1 69.311906 148.9707739
291 1 48.7637501 116.392347
292 1 69.2952988 155.2849347
293 1 71.5996509 160.406672
294 1 66.2612327 151.5781043
295 1 47.8015963 128.7718788
296 1 83.5745525 170.0721086
297 1 77.6699269 160.918333
298 1 85.3272223 168.9750766
299 1 101.3821364 213.6045738
300 1 54.2873382 135.7549871
301 1 66.716439 143.8624112
302 1 60.1799281 133.3542967
303 1 55.435294 138.1892322
304 1 57.8197424 133.2639048
305 1 48.7180999 121.4093611
306 1 59.9502683 143.9202934
307 1 114.8798419 204.5270928
308 1 77.531804 172.4692847
309 1 94.4613672 188.8326559
310 1 94.0370764 188.0796684
311 1 70.4696481 155.048937
312 1 73.5259938 147.3216993
313 1 82.3952767 178.2338745
314 1 79.3425533 178.2939254
315 1 94.5048277 194.5534129
316 1 51.132341 142.3676406
317 1 73.386884 154.8
318 1 79.4383105 179.2615756
319 1 30.8937324 63.2702581
320 1 95.3583228 178.4724356
321 1 81.2002169 164.6453169
322 1 78.4562047 164.5818227
323 1 95.0726662 191.9271008
324 1 67.3088146 164.1578183
325 1 80.4646151 170.2924071
326 1 72.1094858 173.5696681
327 1 58.1050154 145.7084037
328 1 79.4714138 169.2794944
329 1 68.2517768 148.4300539
330 1 80.0567803 178.4935289
331 1 44.9719328 115.169689
332 1 77.971732 161.3047885
333 1 61.0574893 162.6017513
334 1 76.5088332 163.6652392
335 1 75.0792325 168.9600465
336 1 79.8375316 173.037695
337 1 92.2204189 203.0334335
338 1 100.3642732 194.7221282
339 1 66.3247097 168.3493606
340 1 70.5868778 165.193237
341 1 73.259086 134.1268935
342 1 69.3178946 153.2108732
343 1 69.1160794 141.0143171
344 1 74.0231939 138.1456444
345 1 42.6472502 109.8323843
346 1 65.0563978 135.6844005
347 1 78.4620189 169.4963448
348 1 65.8106139 141.5980559
349 1 45.7983408 109.7963946
350 1 63.2389558 135.9627892
351 1 75.1609923 167.9661605
352 1 85.1494227 187.7808601
353 1 61.1913771 149.637972
354 1 66.9787103 157.2866515
355 1 81.9083694 181.9485656
356 1 70.137063 150.2792804
357 1 71.2818413 161.4820596
358 1 61.932563 135.6390087
359 1 79.4092579 178.5651753
360 1 52.9180452 118.1139074
361 1 66.9710348 143.314287
362 1 93.63583 189.6490841
363 1 50.5549155 125.5463325
364 1 67.8378292 145.2708753
365 1 100.9333573 209.6622606
366 1 85.420599 171.3178233
367 1 84.0636131 159.7394755
368 1 61.566306 147.1453071
369 1 46.2514685 124.1409089
370 1 51.6505296 90.1169989
371 1 55.2463409 132.2204731
372 1 92.8628997 190.540045
373 1 67.4409684 135.93168
374 1 83.2206582 160.509194
375 1 93.5700292 169.7800362
376 1 98.9305542 201.7177654
377 1 81.605714 178.6389016
378 1 83.4098918 176.6811239
379 1 68.3088965 173.391348
380 1 68.9106376 154.3861021
381 1 81.5977815 182.3815271
382 1 52.966334 121.5423351
383 1 92.2179711 193.2999862
384 1 75.6105726 180.4820339
385 1 74.7752037 166.3264653
386 1 54.3472371 142.9032588
387 1 67.4553572 140.9150484
388 1 72.8301325 170.7541614
389 1 70.169406 166.5827921
390 1 73.2132593 147.3233577
391 1 72.9335745 143.1588146
392 1 48.0959456 126.2856195
393 1 78.8726245 179.8551389
394 1 67.727927 155.3345672
395 1 68.4642346 151.2105164
396 1 97.2958682 208.0615302
397 1 104.9511989 216.3061648
398 1 78.2063649 162.1192611
399 1 71.9282169 164.311476
400 1 57.8200167 135.0567708
401 1 85.7809409 181.3466627
402 1 70.9983555 150.600061
403 1 87.7411031 192.3213557
404 1 81.0194799 180.8883698
405 1 64.2476621 153.3212587
406 1 80.9874035 148.0667099
407 1 88.8985918 164.1538198
408 1 65.2292009 128.2828694
409 1 53.7148075 131.1415177
410 1 73.1843164 163.5509472
411 1 78.7166884 152.8767444
412 1 70.7546538 164.606886
413 1 102.9254231 202.530712
414 1 87.0345766 186.6980132
415 1 113.8610603 228.1612263
416 1 87.7196537 176.5690055
417 1 85.0770816 177.6937955
418 1 93.2693623 178.7244075
419 1 106.1003556 210.0050601
420 1 76.9995494 176.8026523
421 1 75.2668549 158.0642629
422 1 87.0458546 191.4563822
423 1 82.4107049 186.8966442
424 1 50.4511164 131.3196172
425 1 75.1630953 168.2748411
426 1 71.1108713 167.4360939
427 1 78.8445884 162.6293083
428 1 92.1050984 205.5554896
429 1 55.5355608 137.5755239
430 1 97.4605221 195.6516254
431 1 109.5737244 217.4673588
432 1 44.6271354 147.1215196
433 1 66.156876 151.4486699
434 1 69.5774148 162.5392446
435 1 88.9662303 184.2402715
436 1 89.7489126 187.1868431
437 1 78.1209009 170.3911705
438 1 62.4826769 158.63169
439 1 81.165393 181.8861227
440 1 80.5969701 184.1621981
441 1 78.1706943 166.1640647
442 1 73.2380415 174.1116526
443 1 63.5277482 155.3046679
444 1 89.3726967 175.5341702
445 1 87.5828272 167.4740226
446 1 59.4069359 154.1880465
447 1 87.9719869 181.6592736
448 1 76.2097362 185.0743302
449 1 65.9915531 152.8983472
450 1 77.9871818 191.3239183
451 1 63.3547407 146.0034543
452 1 71.8364992 157.2314573
453 1 79.99267 171.2878327
454 1 80.4549776 154.1566081
455 1 68.1067256 153.6303281
456 1 70.2947717 141.4079635
457 1 67.4539657 162.3974443
458 1 88.7735419 190.9346
459 1 69.1053146 145.7199066
460 1 82.3247134 193.3166894
461 1 60.353425 134.8356314
462 1 71.058184 153.3959641
463 1 81.9023317 208.0908209
464 1 91.3284216 201.8185382
465 1 76.616569 169.6847515
466 1 91.309717 180.5666771
467 1 89.9713668 194.084091
468 1 87.2697355 187.2753213
469 1 71.5239088 164.3994309
470 1 48.6247008 124.5970379
471 1 109.1681395 227.7483751
472 1 78.0564931 164.899035
473 1 66.6621697 146.2774324
474 1 78.2791528 185.8311952
475 1 89.4755908 184.2460366
476 1 79.7498799 178.8650525
477 1 75 152.5608184
478 1 84.5916705 182.8685377
479 1 73.8488255 163.4055289
480 1 60.6363995 146.5443382
481 1 49.5967579 132.0465262
482 1 64.0474098 136.07242
483 1 97.367761 206.6220743
484 1 81.1146051 186.4735238
485 1 85.5057052 172.5817948
486 1 95.4649522 201.5819177
487 1 75.8075257 174.4805606
488 1 74.4475783 175.7667534
489 1 71.0146526 146.2266815
490 1 108.8782781 213.6268418
491 1 66.1465653 137.6713968
492 1 83.1433058 174.8557896
493 1 102.0932613 195.2000901
494 1 51.6353086 127.7915945
495 1 78.8474156 183.4398758
496 1 79.9671158 165.1587434
497 1 104.8367597 236.4252816
498 1 103.2929842 218.4409569
499 1 94.2929523 202.1166369
500 1 73.5915952 150.5806735
501 1 85.5405322 182.42837
502 1 70.6566956 148.8344997
503 1 120.6505763 258.1548657
504 1 78.7217653 172.2649307
505 1 89.142274 185.9231331
506 1 78.5993872 177.1737103
507 1 88.6124484 183.1328958
508 1 105.8500234 199.7959541
509 1 60.8579563 132.0114154
510 1 55.7158344 126.9402879
511 1 101.3350847 198.5796651
512 1 97.8608403 219.8948558
513 1 102.8226024 206.9006545
514 1 90.7035092 175.3589983
515 1 90.2050243 187.5818586
516 1 99.3326143 208.6119571
517 1 79.1246645 174.7888243
518 1 102.1441648 201.0759398
519 1 100.8827945 191.0343285
520 1 78.5947291 161.4920925
521 1 86.2488391 185.2995997
522 1 95.6336164 195.1004358
523 1 102.9750393 173.8424275
524 1 81.5384679 184.4893082
525 1 70.7958076 174.4024931
526 1 112.0829795 226.2204082
527 1 50.978245 115.6711833
528 1 88.6420547 213.067725
529 1 84.4852285 163.5167523
530 1 81.4447877 178.8908894
531 1 96.5008004 195.6366089
532 1 64.0931798 159.6168724
533 1 84.9905451 182.1694217
534 1 83.5632959 160.5760554
535 1 104.9794728 192.7916568
536 1 83.6502287 163.4
537 1 109.4771756 233.0072095
538 1 60.6206644 135.382784
539 1 71.4458885 150.3320911
540 1 91.8570143 178.6353239
541 1 104.6101198 190.0602768
542 1 61.8819053 147.5644148
543 1 73.7359685 172.8567565
544 1 87.4027966 182.5590409
545 1 110.3910149 214.7466518
546 1 75.0106633 140.728231
547 1 76.7475809 165.4982444
548 1 56.8 -99
549 1 73.303025 161.3986876
550 1 75.4518644 184.61923
551 1 75.6246657 178.5342508
552 1 81.6334835 181.2685734
553 1 91.7326987 189.1075329
554 1 81.1543821 154.040303
555 1 80.4334394 174.8158494
556 1 93.9696065 190.1821938
557 1 90.4888347 177.8422004
558 1 118.8468561 243.574943
559 1 83.8044755 180.9421646
560 1 105.6594673 227.4136864
561 1 100.898533 215.3435154
562 1 111.5559171 224.7414495
563 1 72.2638597 164.0719126
564 1 75.4421938 156.0048522
565 1 100.7207616 212.7474019
566 1 73.2680513 168.1783293
567 1 74.6919487 159.5162003
568 1 87.7120182 181.6685742
569 1 90.1304241 183.3883557
570 1 100.8295493 202.1358226
571 1 92.3963115 201.4265166
572 1 101.6125058 225.3381496
573 1 94.3658039 205.5718556
574 1 107.2733552 200.5889463
575 1 103.8629331 205.5755542
576 1 115.7638815 227.0085248
577 1 109.7429559 227.391
578 1 109.8021648 219.1105414
579 1 80.1537495 157.2578928
580 1 108.0085389 220.2202687
581 1 91.5049745 187.2942617
582 1 102.6495649 213.4661811
583 1 98.2771023 186.7870125
584 1 95.9845334 193.4911485
585 1 98.3798184 208.5534976
586 1 93.1088865 192.7702766
587 1 84.8605184 200.8108199
588 1 87.377676 171.9889422
589 1 83.5672297 178.100159
590 1 79.0592691 179.4287099
591 1 81.6413281 185.8594855
592 1 77.9372878 181.2079934
593 1 111.1601508 224.7184993
594 1 94.9902723 188.0144185
595 1 77.2684232 176.913854
596 1 72.4454959 141.0412867
597 1 88.9576052 185.1475378
598 1 100.075865 222.6710557
599 1 105.6012068 202.7042589
600 1 128.1035177 223.2773525
601 1 79.989764 180.1065573
602 1 123.0605566 231.2985342
603 1 103.6162499 211.8683545
604 1 94.7672274 180.6911638
605 1 105.4067782 198.3726146
606 1 105.8126641 195.098457
607 1 98.823683 187.8873123
608 1 116.2191734 218.6461165
609 1 91.2719499 191.6714516
610 1 69.3116755 165.2601846
611 1 123.6152013 239.8297489
612 1 40.5051285 138.4570813
613 1 80.0378704 184.4760554
614 1 99.3587087 196.7786471
615 1 96.3708923 206.2318859
616 1 85.864887 187.2187107
617 1 106.2398694 210.9483619
618 1 107.1749917 228.0764981
619 1 105.9034913 223.4525291
620 1 82.4664964 185.410484
621 1 68.1168535 159.8749721
622 1 66.8878376 165.0337208
623 1 114.6704548 231.6667042
624 1 101.2117866 215.7501684
625 1 96.7370122 188.8666341
626 1 88.1774639 179.3689468
627 1 111.3371704 206.3766926
628 1 69.0160853 173.4550057
629 1 83.8140263 170.8022118
630 1 89.7757315 166.337542
631 1 88.4808352 175.6374016
632 1 97.2416639 222.7221108
633 1 80.7985052 170.9960776
634 1 105.4171207 213.052499
635 1 85.7424752 190.0670665
636 1 104.0574856 213.122536
637 1 93.9181736 214.5018345
638 1 104.7936153 192.9875988
639 1 93.2483599 192.1876688
640 1 83.734691 167.0774398
641 1 81.3688055 174.555001
642 1 90.1113595 190.2934885
643 1 90.1316506 181.6128224
644 1 90.6600721 180.666234
645 1 102.4670923 201.0620158
646 1 113.4044499 212.6881778
647 1 73.2094453 147.1655731
648 1 75.912162 155.1032685
649 1 96.6310392 192.6756867
650 1 93.1111978 202.951982
651 1 78.9900373 138.7981251
652 1 98.044942 202.7792268
653 1 111.4751387 232.2991721
654 1 113.2333377 215.0619874
655 1 90.0427118 183.9154164
656 1 62.3532668 158.4978192
657 1 87.4433701 177.945774
658 1 96.6775795 193.6583703
659 1 63.7254309 153.5616408
660 1 91.0221811 192.735576
661 1 109.5899681 236.0106078
662 1 110.4867824 218.7985962
663 1 110.9972418 223.8440596
664 1 107.7743114 217.1682448
665 1 99.715567 194.6796698
666 1 93.7663071 186.0732055
667 1 64.3172 164.8857986
668 1 92.964254 196.0952814
669 1 112.7097573 225.9799828
670 1 93.0491886 188.6057769
671 1 110.9127154 211.0907494
672 1 86.2433148 162.8852618
673 1 82.846425 179.0003639
674 1 77.7565009 184.0655588
675 1 72.043219 183.207076
676 1 99.3759335 206.013588
677 1 103.7208748 216.9893007
678 1 88.3191854 178.5838453
679 1 96.1434708 199.0934672
680 1 80.2283032 165.0910723
681 1 94.8662952 201.8331872
682 1 101.7649251 202.7130631
683 1 102.1245807 207.7720456
684 1 119.2823705 236.3719332
685 1 77.5140462 143.3108092
686 1 80.5778233 190.3970217
687 1 67.9627686 159.5329697
688 1 68.8851957 173.293897
689 1 90.7166832 200.3377118
690 1 91.6409107 189.8165289
691 1 96.0022511 191.7526203
692 1 76.1786361 173.8286035
693 1 100.8325414 230.9275191
694 1 105.2414201 214.3662104
695 1 100.8485838 203.6142807
696 1 106.1518014 212.2133421
697 1 72.7305434 152.2051785
698 1 124.3457079 246.8780083
699 1 100.1792722 213.7589197
700 1 103.3419986 223.1158441
701 1 105.6530134 221.8411733
702 1 67.6347118 164.9671495
703 1 74.3593583 175.2748105
704 1 90.5656457 195.292588
705 1 83.5999293 168.7640426
706 1 111.6596883 230.8049742
707 1 113.6068514 224.84774
708 1 82.2560901 179.7090387
709 1 149.2101991 388.1676482
710 1 85.1510371 191.9764504
711 1 82.7187024 182.5318409
712 1 84.1682783 191.9520059
713 1 92.959004 211.8219234
714 1 77.4561764 168.9806204
715 1 99.8459707 218.5971657
716 1 81.4092315 196.5115296
717 1 108.6473111 217.2938049
718 1 82.3276258 172.1685527
719 1 85.6401775 186.6279406
720 1 97.7717542 210.7319797
721 1 108.5122642 213.9354075
722 1 97.6561696 191.2320327
723 1 72.7855641 158.8027447
724 1 112.7577406 236.7063632
725 1 101.1018982 204.0189196
726 1 78.478783 188.5854736
727 1 102.0161168 225.2005733
728 1 120.3703362 226.5104238
729 1 119.70008 242.0229136
730 1 88.7107897 192.2236653
731 1 91.0727759 196.6628608
732 1 99.6294267 198.6571212
733 1 93.8074073 191.8854872
734 1 101.1793636 206.7470988
735 1 98.0895278 197.741051
736 1 83.5109061 172.6422268
737 1 95.394484 220.7046251
738 1 119.847975 235.3427305
739 1 151.8735904 288.907675
740 1 90.4912364 184.7967928
741 1 95.3916569 208.7663011
742 1 85.0935289 187.9770361
743 1 103.3656185 206.2774276
744 1 128.3457382 343.3927016
745 1 103.7952201 216.4673279
746 1 109.3150163 229.8941593
747 1 98.5291091 203.396912
748 1 94.2752075 191.2053797
749 1 129.2445522 246.6724655
750 1 127.8281262 269.9332745
751 1 93.3279224 197.1450159
752 1 140.4784994 338.1722422
753 1 72.1800804 177.4808508
754 1 92.5259192 188.2553268
755 1 105.7189691 225.4891616
756 1 113.4592832 232.274288
757 1 129.7948223 257.0482254
758 1 113.5245124 215.1027911
759 1 124.0929268 246.7377299
760 1 111.9541357 224.7712629
761 1 112.6497549 229.9213861
762 1 100.7029741 176.0801714
763 1 121.824174 267.314039
764 1 112.9357534 254.9949705
765 1 136.7220484 244.6309747
766 1 84.0987889 184.0448001
767 1 130.1948185 241.1244005
768 1 128.8822498 265.819234
769 1 106.3582101 227.9045882
770 1 106.3584573 218.0568981
771 1 105.9016291 194.7712317
772 1 123.7808703 227.0028471
773 1 104.6890681 204.1407694
774 1 102.9955022 201.7424888
775 1 103.6944556 202.0822541
776 1 122.0889217 235.0386364
777 1 116.0553606 220.5279531
778 1 108.5726222 224.0749741
779 1 113.2543348 218.0251524
780 1 113.8571305 220.465579
781 1 104.9256172 220.0194458
782 1 128.0010741 259.0660176
783 1 111.051423 223.1833355
784 1 101.8005121 226.7362067
785 1 110.554352 226.848118
786 1 123.2218404 231.5758102
787 1 106.8341457 216.4302703
788 1 114.8550726 218.6770607
789 1 100.3295259 190.3653156
790 1 98.6127754 216.952535
791 1 78.1549018 185.5191257
792 1 103.3176202 204.0054157
793 1 89.1256458 186.7074545
794 1 119.0220912 238.3522201
795 1 118.9079219 249.5589413
796 1 127.422796 248.9775415
797 1 117.0929295 217.9487749
798 1 107.5820759 196.7861231
799 1 47.9031422 97.5162847
800 1 42.7605141 90.5309433
801 1 42.2806517 86.6770833
802 1 90.9603149 126.6443764
803 1 67.5339427 124.1563855
804 1 72.5004521 134.6003324
805 1 57.2048951 94.5087379
806 1 72.593534 118.5063465
807 1 56.9106828 95.3442869
808 1 51.2200614 94.5595583
809 1 51.7443732 96.6592363
810 1 21.7331106 80.8474785
811 1 68.4125349 139.7085874
812 1 110.7593939 180.6215921
813 1 78.8093628 -99
814 1 73.2103313 127.9425073
815 1 55.6325181 105.2791151
816 1 105.2362939 121.1931745
817 1 75.0077847 -99
818 1 34.4695147 -99
819 1 78.6117466 161.7201159
820 1 126.8546981 -99
821 1 73.7073921 126.3380938
822 1 107.4944812 165.1456619
823 1 99.8175845 196.6654375
824 1 39.6903223 83.9993953
825 1 78.9985673 139.2238313
826 1 184.2431122 197.0105892
827 1 174.5143544 -99
828 1 10.0275679 105.5519461
829 1 103.2620843 158.0030882
830 1 85.7707173 154.1549643
831 1 69.3891227 131.0519314
832 1 100.4241846 -99
833 1 182.2270553 274.7905305
834 1 61.3510964 109.6029643
835 1 70.615135 -27.7735696
836 1 105.4077094 172.1465908
837 1 72.4366616 134.2333014
838 1 194.9979155 -99
839 1 86.4681902 144.8
840 1 80.860717 146.0957597
841 1 89.5458798 152.6110384
842 1 141.0012883 182.5016897
843 1 78.6411223 161.0310363
844 1 107.6648537 163.1935472
845 1 9.8849882 61.6046474
846 1 11.3460401 89.0521996
847 1 78.285457 95.3985328
848 1 79.0049022 116.4829351
849 1 73.8693843 98.5594336
850 1 40.6973382 76.9549948
851 1 44.4054376 84.7667001
852 1 74.7686244 133.3088163
853 1 86.1537221 117.5863727
854 1 -1.103465 11.296487
855 1 23.7286667 45.5136966
856 1 114.4008072 117.2382156
857 1 -28.830476 -31.7163108
858 1 70.5329067 101.6916644
859 1 -18.352319 -1.6733803
860 1 77.1281168 139.061022
861 1 95.9392811 140.750821
862 1 89.296168 157.7149482
863 1 67.2694862 109.5328751
864 1 44.0088388 85.1127062
865 1 97.1657077 139.3573657
866 1 65.3056226 114.5547055
867 1 84.1528333 125.7745529
868 1 71.8848978 123.4416799
869 1 80.7688988 138.9284399
870 1 37.4725847 55.9250586
871 1 35.1150929 68.7700034
872 1 56.4272358 110.1908333
873 1 201.4206756 279.320312
874 1 71.989544 131.0362119
875 1 98.8501459 176.1818515
876 1 87.0834313 146.0124984
877 1 86.6722472 126.4405543
878 1 78.8476318 -99
879 1 103.9332274 107.8056168
880 1 67.3343989 140.1905698
881 1 60.0249924 148.0838023
882 1 70.9260414 116.1267007
883 1 241.1623989 -99
884 1 57.1414818 140.2179022
885 1 119.9885665 178.9829
886 1 -58.5339362 -99
887 1 68.2384992 139.1735647
888 1 59.4140759 -99
889 1 81.8460905 147.0898194
890 1 58.0975883 147.0319665
891 1 -21.076781 70.7961812
892 1 77.9022052 147.9066819
893 1 123.1727472 -99
894 1 117.3046396 -99
895 1 60.9554143 -99
896 1 60.9078553 124.0333376
897 1 306.7345437 128.27901
898 1 54.541557 108.7011075
899 1 50.3891526 95.9216116
900 1 -53.4849573 -99
901 1 62.5556303 90.2469085
902 1 89.6309204 66.6141156
903 1 126.1122986 121.7655521
904 1 49.4889377 119.4218306
905 1 113.2772125 151.9632009
906 1 112.3827993 152.0343583
907 1 75.9973168 121.8496101
908 1 51.3510371 23.0958727
909 1 46.6980239 151.7869124
910 1 174.8332047 206.5525503
911 1 91.7625224 130.9004073
912 1 119.9637177 167.5861964
913 1 142.5122265 203.601356
914 1 -325.6875045 -99
915 1 86.276998 146.0634034
916 1 -5.5122796 129.6252753
917 1 145.8863645 202.0320292
918 1 115.4041355 121.2116944
919 1 146.6493351 149.4067067
920 1 62.2823315 121.606013
921 1 69.3221044 145.684668
922 1 77.8211299 145.7307299
923 1 131.8787017 181.9907999
924 1 124.5415279 164.6165975
925 1 161.6871234 -99
926 1 51.9890364 91.9243909
927 1 78.3155376 168.7670397
928 1 82.850195 157.1329415
929 1 95.6620719 166.3393376
930 1 110.1567239 173.1728564
931 1 131.9125637 -99
932 1 89.978316 116.2159006
933 1 23.0548088 80.3657202
934 1 115.276574 146.6317292
935 1 80.922358 132.2964789
936 1 73.1121953 124.2690715
937 1 -3.9372577 97.3297718
938 1 137.035335 168.2875189
939 1 39.7099267 112.4016943
940 1 21.7072294 -99
941 1 99.4236387 200.3762942
942 1 -23.5413906 76.6017535
943 1 91.298479 161.5828309
944 1 109.1363064 135.2635542
945 1 138.7653791 -99
946 1 133.0684754 156.4539966
947 1 110.4931438 159.9536779
948 1 82.0161787 158.9201241
949 1 98.3315903 157.2925968
950 1 203.5882604 -99
951 1 160.4310128 183.4951421
952 1 113.4339852 139.2421645
953 1 -91.9274679 -99
954 1 70.4695656 115.5337895
955 1 85.2078264 146.2859282
956 1 145.477655 -99
957 1 68.9193379 -25.0103335
958 1 147.8702812 205.0146425
959 1 213.7566294 168.3879527
960 1 74.5773594 108.5155501
961 1 215.1829091 -99
962 1 117.1875665 -99
963 1 53.2336799 -99
964 1 119.9852812 -99
965 1 89.5208873 154.0219782
966 1 138.559509 -99
967 1 84.5986844 88.4290431
968 1 58.7804978 156.6623781
969 1 39.2797614 125.0443242
970 1 49.6505137 -99
971 1 57.0287696 -99
972 1 19.6017637 -99
973 1 -20.2651733 69.5206485
974 1 59.0969432 126.7890058
975 1 106.2652477 215.1589339
976 1 84.0486988 144.8796132
977 1 142.9048203 224.2598668
978 1 112.1693222 122.0517141
979 1 160.4463872 128.0890479
980 1 -138.2767215 -99
981 1 87.2515294 142.5361765
982 1 105.6969374 179.0573375
983 1 89.5365498 162.9707316
984 1 119.5775434 206.3658786
985 1 184.0730222 -99
986 1 92.9728021 159.2462922
987 1 133.0915624 237.6340795
988 1 123.3504285 -99
989 1 199.6798643 -99
990 1 114.5164404 -99
991 1 38.5781553 -99
992 1 83.1903362 198.8367314
993 1 14.4617149 -99
994 1 72.9079086 131.9161642
995 1 108.3703664 220.45619
996 1 76.8972607 106.9929244
997 1 123.3621592 221.9798614
998 1 68.9231174 140.175284
999 1 116.8119285 127.4712205
1000 1 116.0945999 145.7743449
1001 1 186.1612542 282.9955073
1002 1 40.8153399 120.9219212
1003 1 124.2099694 122.7595967
1004 1 151.4885512 236.1024382
1005 1 111.7665125 101.9401417
1006 1 87.567798 220.5240028
1007 1 100.2271906 152.0479891
1008 1 53.3946158 98.2902146
1009 1 217.0301644 215.1263184
1010 1 77.2335153 157.1480602
1011 1 110.1905074 -99
1012 1 -5.896384 -99
1013 1 288.9766592 -99
1014 1 48.5445039 101.1768368
1015 1 9.5308267 61.2306032
1016 1 104.5840439 -99
1017 1 85.7923805 260.8266247
1018 1 228.7641217 245.0735598
1019 1 159.5876309 141.0681426
1020 1 104.1332622 162.9740832
1021 1 18.2552247 66.8493313
1022 1 53.4674828 95.2362173
1023 1 26.2561416 56.7603853
1024 1 41.7165312 95.3100682
1025 1 41.4500804 97.2454746
1026 1 82.0350204 121.7164235
1027 1 27.3540258 67.1583417
1028 1 45.2843652 99.0530538
1029 1 33.318458 71.6969502
1030 1 83.5438728 114.0129665
1031 1 82.4462274 218.8375593
1032 1 94.5760971 157.1221397
1033 1 39.4943569 113.5133741
1034 1 81.0604687 188.5005834
1035 1 72.7849534 115.0118862
1036 1 -0.6471901 54.7274975
1037 1 161.4179434 199.1491505
1038 1 93.8698816 169.1029584
1039 1 73.6212078 89.7879818
1040 1 255.7506205 252.8903626
1041 1 93.2300851 131.0760169
1042 1 122.5825017 158.8775751
1043 1 42.2678083 84.4919986
1044 1 52.5176404 86.4
1045 1 24.2558747 76.9960829
1046 1 69.7619886 118.5368023
1047 1 52.4477716 117.6968321
1048 1 123.4330572 -99
1049 1 36.627925 95.0267552
1050 1 95.0649148 154.6113465
1051 1 35.0586442 74.7198757
1052 1 47.3432458 47.7255172
1053 1 54.3177023 104.3197115
1054 1 51.4310146 83.8933139
1055 1 43.4738285 18.529293
1056 1 41.5232176 81.7483858
1057 1 64.6123574 113.610249
1058 1 39.6875409 76.9979092
1059 1 30.4353351 59.7548792
1060 1 73.9889828 129.4971483
1061 1 67.0303097 125.950362
1062 1 75.9318236 142.457899
1063 1 69.1408864 115.9883248
1064 1 53.4338651 84.6729629
1065 1 59.0979667 101.5616421
1066 1 73.5192168 123.9191304
1067 1 30.5303429 -99
1068 1 46.7204776 111.2733026
1069 1 91.6423953 141.5523617
1070 1 -26.6864195 45.8426804
1071 1 67.607786 111.4795325
1072 1 72.673864 133.5542453
1073 1 16.6331623 12.2311725
1074 1 88.2351748 153.8674717
1075 1 73.8940542 94.8340029
1076 1 100.2088664 118.9110022
1077 1 57.0408482 -99
1078 1 43.1540944 89.5351746
1079 1 48.0183455 -99
1080 1 42.3408242 84.9970941
1081 1 44.1846976 74.5977871
1082 1 79.9286195 147.7475285
1083 1 113.0291415 185.3266151
1084 1 34.9450658 92.402566
1085 1 78.943879 117.8636731
1086 1 50.6222647 111.1389361
1087 1 61.1835906 118.4380561
1088 1 92.5356792 150.8719308
1089 1 72.1483087 98.6374845
1090 1 -77.8871962 68.7360616
1091 1 -67.6382927 25.4505141
1092 1 71.0455895 111.9291384
1093 1 17.7141757 45.6164498
1094 1 3.6954123 46.0478867
1095 1 48.4371234 94.5616967
1096 1 50.8033795 102.1479791
1097 1 64.7906926 95.8361936
1098 1 60.070745 131.3319503
1099 1 39.5770793 79.0864795
1100 1 56.0127598 111.2012748
1101 1 15.183731 70.469978
1102 1 79.6584606 125.8197153
1103 1 3.2496507 64.5992342
1104 1 8.8679455 -99
1105 1 49.6014674 76.7425798
1106 1 101.3014979 -99
1107 1 54.1888573 87.3036301
1108 1 52.5898115 106.2012493
1109 1 49.3398255 81.4305431
1110 1 38.0493983 84.3761947
1111 1 43.4848879 94.149687
1112 1 147.5088865 192.7298668
1113 1 73.3963358 155.4953607
1114 1 119.8358126 232.7377175
1115 1 88.6117033 133.3084043
1116 1 43.1664637 95.2185266
1117 1 157.0221508 -99
1118 1 136.8534289 -99
1119 1 50.9320748 114.5699365
1120 1 103.40565 193.027471
1121 1 83.899436 143.4622314
1122 1 91.1382741 159.8061878
1123 1 42.2600901 69.4218077
1124 1 81.7837346 144.6834585
1125 1 -42.61 2.7950692
1126 1 39.3966321 94.8406618
1127 1 36.0804589 -99
1128 1 64.608379 133.9627608
1129 1 77.3079605 144.4836496
1130 1 104.3321262 163.7570188
1131 1 40.3294347 103.3454488
1132 1 49.8925268 96.7552723
1133 1 85.2035799 275.9784105
1134 1 23.0050813 -99
1135 1 125.7953411 190.7402081
1136 1 56.3922322 104.2868728
1137 1 54.8295924 93.7706603
1138 1 4.4541847 100.767526
1139 1 53.9209217 93.2943451
1140 1 85.0992751 141.2270849
1141 1 98.7468122 132.0255507
1142 1 27.4687859 135.3300487
1143 1 62.6577574 131.7948787
1144 1 59.3261636 92.0051576
1145 1 41.549348 92.5019442
1146 1 67.5668749 127.3063948
1147 1 140.3059487 -99
1148 1 60.6226352 115.0946775
1149 1 70.9997191 137.0591513
1150 1 47.761283 92.4466459
1151 1 90.3394717 119.7299086
1152 1 70.3439743 122.3439161
1153 1 52.4079728 102.6057201
1154 1 88.7588966 123.4433872
1155 1 107.3807537 -99
1156 1 49.308037 94.5077378
1157 1 88.9673401 164.7522434
1158 1 50.082567 104.268459
1159 1 95.1414483 139.9210688
1160 1 57.4759379 134.7635696
1161 1 82.9705152 159.9070444
1162 1 73.8586552 142.1369143
1163 1 45.7893112 150.2144752
1164 1 48.3426407 81.157763
1165 1 30.5938321 81.3039284
1166 1 24.3233344 105.2916934
1167 1 40.5905967 57.3463335
1168 1 52.4440283 119.8633972
1169 1 60.2367731 91.4654345
1170 1 62.4515684 123.2946833
1171 1 4.6139108 35.1453022
1172 1 85.2773184 155.7747438
1173 1 48.8407949 102.2150542
1174 1 60.9100402 107.931723
1175 1 5.6225048 105.175332
1176 1 63.5948935 105.4321169
1177 1 59.7321788 83.0418194
1178 1 264.4870344 -99
1179 1 136.8139339 -99
1180 1 84.7896426 158.9454087
1181 1 79.4390176 76.6582624
1182 1 93.6757081 160.1620497
1183 1 60.8477357 104.3710798
1184 1 74.8093603 104.2600511
1185 1 110.5210229 106.0716302
1186 1 58.8899237 115.5590974
1187 1 35.6546343 96
1188 1 24.6212733 57.6419742
1189 1 126.1694609 145.8281006
1190 1 110.0748378 -99
1191 1 53.9209769 97.7774258
1192 1 69.6687846 121.9481624
1193 1 51.3283873 92.5397402
1194 1 137.3953264 149.2222032
1195 1 90.4387861 169.5399855
1196 1 15.6763682 66.8599284
1197 1 267.3045022 283.7532017
1198 1 17.801028 74.730357
1199 1 72.3650164 143.0264231
1200 1 114.5978362 125.9545477
1201 1 156.1065561 235.7106359
1202 1 105.8011995 117.5704942
1203 1 40.58149 105.275976
1204 1 -42.8966906 52.2288197
1205 1 87.530194 130.4910673
1206 1 48.5305697 99.3935464
1207 1 75.9505876 134.7233824
1208 1 100.9866901 171.4849041
1209 1 73.561909 143.4426868
1210 1 54.8629572 77.8682302
1211 1 -51.6735179 17.8836888
1212 1 93.6676118 151.8338642
1213 1 265.5072877 -99
1214 1 45.0343649 55.5676205
1215 1 63.8523818 -99
1216 1 54.7356483 -99
1217 1 74.7471745 137.2068222
1218 1 74.7258982 189.7264063
1219 1 20.5615332 54.9585238
1220 1 59.9423868 125.4262684
1221 1 95.8337115 149.1950744
1222 1 72.0049306 131.6167817
1223 1 92.4163558 130.2636857
1224 1 105.046125 210.637523
1225 1 94.7423867 164.8634794
1226 1 76.5291342 105.9862666
1227 1 60 120.5521689
1228 1 95.1841953 149.0192146
1229 1 44.0798251 94.3544471
1230 1 98.4596562 124.9076015
1231 1 46.2124579 123.715389
1232 1 75.8152769 155.036648
1233 1 112.6167077 196.171188
1234 1 41.1576373 109.3894607
1235 1 17.2896212 -17.76597
1236 1 -64.3212071 -15.0991391
1237 1 163.4030582 188.1150774
1238 1 197.1436659 267.1658532
1239 1 72.3881266 116.625638
1240 1 57.1729982 106.6086169
1241 1 81.8858243 147.706868
1242 1 70.851513 129.4231455
1243 1 36.6491318 84.4841834
1244 1 73.7308539 132.5271009
1245 1 70.9370732 119.117516
1246 1 58.554918 112.3535954
1247 1 70.6424073 95.0820415
1248 1 88.5776687 180.9594073
1249 1 -70.5867016 -99
1250 1 92.3587668 122.3776371
1251 1 117.734105 163.3504252
1252 1 96.5085787 138.5455986
1253 1 65.5955449 117.9832368
1254 1 59.0195244 95.8298722
1255 1 17.1161009 70.1375178
1256 1 98.2328655 162.5158467
1257 1 14.1937927 35.8670712
1258 1 79.9804974 160.3747625
1259 1 166.3431008 -99
1260 1 59.5137819 -99
1261 1 43.1364524 91.2173636
1262 1 64.1532732 120.2957608
1263 1 92.9444184 209.599041
1264 1 54.2531732 -99
1265 1 52.7170267 148.112866
1266 1 82.1256958 135.3675688
1267 1 54.2498154 -99
1268 1 9.7395247 75.9152019
1269 1 47.8866905 -99
1270 1 132.8289092 197.1689197
1271 1 87.4461486 166.6219021
1272 1 75.7532085 142.3319139
1273 1 101.7824264 103.3762394
1274 1 78.3413848 133.2955166
1275 1 62.5336843 117.8430298
1276 1 32.2678504 65.8106428
1277 1 128.8181619 165.1653036
1278 1 -19.9591469 -99
1279 1 105.0643266 197.395344
1280 1 63.6529201 114.5832023
1281 1 11.535274 67.7572742
1282 1 181.2183841 299.9803614
1283 1 49.765316 100.1848172
1284 1 77.0578578 203.654161
1285 1 -10.2395165 -99
1286 1 91.2870078 90.0272676
1287 1 87.2280067 -99
1288 1 143.0674071 166.7927507
1289 1 120.4529588 149.2744277
1290 1 87.8904487 126.1397234
1291 1 88.1925047 173.6584186
1292 1 272.9694213 212.1389235
1293 1 129.3892224 167.7364671
1294 1 101.5159497 128.3263994
1295 1 94.8008749 128.3018559
1296 1 29.1945666 114.3906059
1297 1 246.739133 230.9519895
1298 1 110.8725 154.0694159
1299 1 19.7268082 62.0908559
1300 1 84.9238439 144.6248674
1301 1 81.9293031 121.2366766
1302 1 24.4127946 74.2178624
1303 1 -4.6903415 46.6919532
1304 1 159.6349263 159.4782339
1305 1 52.4457316 125.3534906
1306 1 163.514223 165.0281898
1307 1 105.7610156 155.3534459
1308 1 174.1303124 -99
1309 1 43.1436402 100.5902312
1310 1 110.2214761 118.3098914
1311 1 100.011227 159.6706723
1312 1 145.0939525 244.5084124
1313 1 104.0661369 -99
1314 1 123.1642224 187.5691543
1315 1 162.58623 -99
1316 1 77.8478704 101.2524019
1317 1 63.5145378 114.3890828
1318 1 46.6685831 104.0761283
1319 1 -20.8779537 36.890774
1320 1 89.0991643 187.2189438
1321 1 87.6698948 103.709754
1322 1 40.7166339 81.215209
1323 1 5.2261657 116.439417
1324 1 156.8312368 190.5506889
1325 1 118.3061073 -99
1326 1 74.004538 142.774911
1327 1 101.2361246 -99
1328 1 90.8559338 116.8178326
1329 1 39.5972106 87.2231588
1330 1 78.3823074 139.5100012
1331 1 104.6685513 184.4963033
1332 1 168.9447317 -99
1333 1 73.8987389 -99
1334 1 99.1657721 66.4634394
1335 1 84.9961788 134.3844122
1336 1 99.8961127 163.7102255
1337 1 64.9017008 108.6
1338 1 86.2236978 136.7350426
1339 1 42.4034733 132.401469
1340 1 32.3800626 86.2850465
1341 1 6.7230908 47.2361171
1342 1 47.0319061 94.938602
1343 1 -55.0067044 -103.5517193
1344 1 69.216823 120.3590512
1345 1 92.1624171 166.741916
1346 1 91.9593618 193.0231694
1347 1 91.1102052 123.9029053
1348 1 11.1377674 114.6180204
1349 1 100.8420771 140.6329061
1350 1 102.4543533 184.1676
1351 1 63.2119361 121.4919309
1352 1 89.7871497 159.3603292
1353 1 62.9334211 111.7654768
1354 1 76.3505946 125.9687623
1355 1 70.2871037 238.9348608
1356 1 63.1194877 126.9743874
1357 1 59.8430247 113.0817105
1358 1 101.186012 198.085132
1359 1 43.0111249 132.8105279
1360 1 63.4168692 129.4081198
1361 1 85.5677154 178.5297455
1362 1 54.0165613 110.9836709
1363 1 49.6384461 121.5467689
1364 1 73.1784289 93.0074777
1365 1 48.3739434 78.833184
1366 1 49.4491795 121.6081954
1367 1 79.8055139 135.1345218
1368 1 45.2054684 -99
1369 1 52.4297468 111.0845448
1370 1 99.6284713 175.2187785
1371 1 85.811031 140.3663386
1372 1 51.5467978 80.0072446
1373 1 89.9477938 155.0256241
1374 1 102.5625843 162.2700929
1375 1 160.9911245 195.1950057
1376 1 127.4388657 159.8610122
1377 1 -7.1249022 63.7899961
1378 1 104.7681291 184.239164
1379 1 102.4855967 157.1097337
1380 1 115.6749496 153.7598599
1381 1 66.5622474 121.2031576
1382 1 96.4406211 142.6899809
1383 1 85.628501 141.5996194
1384 1 85.511632 155.1526197
1385 1 54.937209 114.1789722
1386 1 36.2036641 -99
1387 1 -63.5753315 38.0389071
1388 1 73.0564921 136.316628
1389 1 209.6485667 -99
1390 1 48.983234 110.0140717
1391 1 74.5041444 124.0069075
1392 1 56.3138267 103.5084777
1393 1 30.3145698 -99
1394 1 24.2326546 37.9519197
1395 1 -39.0443912 23.4903789
1396 1 122.3719002 -99
1397 1 68.171663 91.7657805
1398 1 -13.2053937 100.8962391
1399 1 169.9395451 -99
1400 1 91.5277971 165.9095517
1401 1 24.1524047 -99
1402 1 96.5086936 -99
1403 1 45.3979517 101.6067036
1404 1 95.6419677 193.6603841
1405 1 151.5858679 200.4463308
1406 1 145.0615316 163.1216787
1407 1 20.9899161 80.3385311
1408 1 53.4301399 112.3752924
1409 1 84.7092926 142.0563144
1410 1 108.7570383 194.6000708
1411 1 87.7340191 305.4519327
1412 1 149.0325169 -99
1413 1 55.3341419 109.2389808
1414 1 152.4517387 203.4290681
1415 1 257.7101446 -99
1416 1 60.1577469 106.403463
1417 1 41.9191333 112.4846328
1418 1 48.8031597 38.053583
1419 1 64.8785146 135.9058807
1420 1 55.868767 -99
1421 1 123.0970021 134.4565164
1422 1 36.303821 149.377407
1423 1 69.1464305 121.8012396
1424 1 108.4213935 -99
1425 1 63.7750226 138.2526002
1426 1 85.1391263 141.0553607
1427 1 112.0913189 140.2602052
1428 1 81.2150947 161.6516466
1429 1 73.6429389 106.5734291
1430 1 148.8577349 184.202369
1431 1 170.4407991 -99
1432 1 94.2354238 139.8
1433 1 1.9496102 94.6252345
1434 1 267.0039016 272.6901972
1435 1 68.2834282 143.2414345
1436 1 235.8768416 310.8508884
1437 1 -4.1735192 32.3861542
1438 1 54.1551017 149.9403875
1439 1 45.2708366 113.9107462
1440 1 37.2301368 145.3280892
1441 1 137.3140009 -99
1442 1 -22.8507232 -99
1443 1 55.0694432 133.869955
1444 1 90.9007282 151.0409399
1445 1 73.6170441 165.7907864
1446 1 84.6235238 129.6451597
1447 1 41.521593 106.8406534
1448 1 93.6556106 142.308327
1449 1 167.5842703 193.6828411
1450 1 42.082454 65.1997685
1451 1 109.4449702 183.1130473
1452 1 50.4402182 74.9391229
1453 1 134.8787701 -99
1454 1 74.4889729 133.5965496
1455 1 51.7368096 140.8103771
1456 1 121.6002857 216.4307034
1457 1 76.6281753 113.3031376
1458 1 33.3080857 118.5165203
1459 1 71.5246037 116.0991475
1460 1 81.5776901 205.426371
1461 1 48.591012 60.9122495
1462 1 85.5847352 141.862818
1463 1 95.5408913 156.6809424
1464 1 73.1811891 133.9809712
1465 1 75.6470098 128.2918272
1466 1 66.275688 116.8833591
1467 1 58.1782779 117.7455765
1468 1 116.554567 124.6830771
1469 1 49.4384668 81.6096933
1470 1 36.3803394 90.7048236
1471 1 76.3425622 151.7279204
1472 1 -5.5771369 -99
1473 1 84.3501458 153.5194362
1474 1 66.2126296 122.5611427
1475 1 79.1379003 142.866998
1476 1 93.3087796 185.3273591
1477 1 132.422509 184.796993
1478 1 62.0940388 70.2227089
1479 1 45.3288662 80.6657774
1480 1 70.331362 134.475869
1481 1 68.1236182 127.3237112
1482 1 -41.7998682 -99
1483 1 199.6836662 203.9499854
1484 1 23.6507049 45.4145795
1485 1 93.9145303 166.0939257
1486 1 64.5168286 118.0697471
1487 1 54.6702276 77.4824805
1488 1 50.2396666 129.0769351
1489 1 78.9906546 168.3447631
1490 1 329.0478988 -99
1491 1 88.7312395 171.0075617
1492 1 -49.9187712 -38.0396272
1493 1 83.9513825 -99
1494 1 138.3992867 161.6040505
1495 1 101.6022949 168.7098589
1496 1 67.409631 127.4934002
1497 1 4.7006013 -99
1498 1 85.8242237 175.7451698
1499 1 71.9271019 103.4873084
1500 1 101.1260388 101.5698049
1501 1 61.1543335 134.9836888
1502 1 39.0076582 87.8046873
1503 1 82.8205858 136.6185358
1504 1 140.4716459 175.1083727
1505 1 53.7552894 112.326574
1506 1 174.5529765 -99
1507 1 79.1227989 149.9471609
1508 1 74.5167492 157.4652698
1509 1 78.0820939 142.5526532
1510 1 52.6800997 120.3721023
1511 1 91.3623989 -99
1512 1 68.4838305 -99
1513 1 102.009881 -99
1514 1 126.3856019 -99
1515 1 163.3166948 206.9731238
1516 1 84.3853805 160.3749844
1517 1 178.0920165 211.890721
1518 1 149.1854658 -99
1519 1 50.9877368 115.8539701
1520 1 98.7981116 205.4093022
1521 1 69.3123361 127.9297411
1522 1 176.926544 209.3996432
1523 1 159.526209 -99
1524 1 157.4548998 -99
1525 1 163.3338269 -99
1526 1 198.2456529 -99
1527 1 172.6531653 -99
1528 1 133.3563991 -99
1529 1 95.6594112 -99
1530 1 190.1989277 -99
1531 1 98.9289088 188.8566375
1532 1 69.1549937 106.6809304
1533 1 107.1887376 186.3168061
1534 1 -34.1245214 -99
1535 1 66.4074431 98.0070923
1536 1 163.1810329 -99
1537 1 68.6260934 135.6718527
1538 1 39.3758244 81.283019
1539 1 253.2406321 -99
1540 1 53.6268383 115.8631014
1541 1 56.8770606 124.2918825
1542 1 70.7194765 138.891046
1543 1 79.4128167 155.7351579
1544 1 108.348587 270.5893424
1545 1 65.9705009 120.7116155
1546 1 84.6447349 135.3180455
1547 1 86.4411508 119.795746
1548 1 163.7592323 -99
1549 1 73.1677396 139.444262
1550 1 57.4590552 147.2406836
1551 1 83.0055972 182.8443475
1552 1 -113.4076599 -99
1553 1 -5.7716083 -99
1554 1 67.6 163.9565286
1555 1 98.8736705 164.3478351
1556 1 70.6896876 146.7531316
1557 1 19.1719249 81.1876098
1558 1 299.1625142 -99
1559 1 257.0449497 -99
1560 1 290.4341557 -99
1561 1 246.9145694 211.4197094
1562 1 114.3934421 189.6210222
1563 1 73.4082194 133.2782663
1564 1 26.8722456 19.3062361
1565 1 18.8390197 42.8417993
1566 1 54.9348085 77.4295338
1567 1 21.487984 78.7412921
1568 1 90.500824 133.2517847
1569 1 81.0612575 146.5877433
1570 1 128.4136556 256.4698238
1571 1 175.8162822 179.7314496
1572 1 70.3308867 62.171881
1573 1 271.386678 297.2138892
1574 1 76.5634465 138.4815769
1575 1 69.0110246 129.5696697
1576 1 75.6546067 144.5942873
1577 1 79.4516343 130.430297
1578 1 116.5795948 205.7832803
1579 1 84.8160368 172.352489
1580 1 87.0771999 128.115234
1581 1 130.4747887 -99
1582 1 98.1517047 184.5383808
1583 1 65.6821438 125.6247003
1584 1 36.7781177 97.7671442
1585 1 107.5561176 185.1338587
1586 1 77.4704728 138.1604214
1587 1 76.2051839 114.8396482
1588 1 12.3588942 83.3504986
1589 1 109.287987 140.6732349
1590 1 53.6756941 100.6870944
1591 1 61.2029822 122.01889
1592 1 330.9314581 297.499267
1593 1 128.6761358 290.052309
1594 1 55.1538203 103.3553498
1595 1 84.0153083 148.2859674
1596 1 16.5574981 47.4101239
1597 1 48.8840887 104.3193797
1598 1 114.5437065 116.8925351
1599 1 44.1911777 118.0635855
1600 1 79.6422981 117.1631744
1601 1 34.6997468 -99
1602 1 22.7296185 104.1222845
1603 1 64.843002 -99
1604 1 64.4596846 144.3977804
1605 1 169.8196641 254.7400181
1606 1 12.6417366 -99
1607 1 62.2853304 166.8305746
1608 1 18.2533983 133.9918001
1609 1 165.2932286 194.4990261
1610 1 277.8106894 200.9674422
1611 1 66.2124463 -99
1612 1 89.8217284 149.6
1613 1 83.7718284 159.1211251
1614 1 163.1620351 147.4386175
1615 1 89.6935517 167.9107296
1616 1 90.5665362 169.7291711
1617 1 67.5585785 146.6712109
1618 1 85.4244474 135.4597922
1619 1 61.9405157 187.9307727
1620 1 134.8723683 148.1648068
1621 1 87.3008 171.9933871
1622 1 72.7665567 153.0321034
1623 1 89.8479041 162.5917018
1624 1 45.5762507 109.7876758
1625 1 61.6880992 79.1014451
1626 1 116.1976224 165.1212123
1627 1 62.5617527 115.0988848
1628 1 49.6990347 90.1732404
1629 1 98.8993248 290.493999
1630 1 82.0790507 139.6237784
1631 1 156.0233133 183.9117064
1632 1 55.4399524 102.2656762
1633 1 41.2832917 117.6688958
1634 1 13.5184186 59.7911571
1635 1 91.4634995 195.226493
1636 1 10.2261257 -99
1637 1 182.2587742 168.1846043
1638 1 22.3401932 137.6907129
1639 1 200.5602533 228.8740489
1640 1 95.3022183 174.4812237
1641 1 86.5437992 153.1028441
1642 1 98.323962 137.3061705
1643 1 82.6775641 101.4452213
1644 1 70.2049425 130.7766044
1645 1 -2.6692309 64.7722025
1646 1 100.4110092 174.1660587
1647 1 48.2111712 102.8402056
1648 1 68.0827323 -99
1649 1 21.3162585 79.0459067
1650 1 151.7605037 -99
1651 1 102.6930618 104.5910934
1652 1 49.4285089 112.172496
1653 1 37.8501673 104.1769076
1654 1 51.3913853 64.3819412
1655 1 74.2848184 145.7422452
1656 1 58.2863135 120.8094558
1657 1 40.6746141 101.7409562
1658 1 53.2602504 102.8839875
1659 1 -59.0893225 26.5330601
1660 1 78.352894 195.1684565
1661 1 26.4422732 71.3398725
1662 1 92.696355 162.9945801
1663 1 151.5379884 -99
1664 1 65.4810688 143.6029112
1665 1 90.7316178 159.761973
1666 1 78.8399723 148.188993
1667 1 118.278306 166.0708666
1668 1 106.7358414 -99
1669 1 147.4581468 182.401579
1670 1 176.203906 209.4324942
1671 1 69.2833707 141.7741052
1672 1 115.9213449 -99
1673 1 140.935652 174.8901903
1674 1 55.5792752 119.0595514
1675 1 85.6154857 151.8915506
1676 1 88.7711174 151.3227962
1677 1 106.0266855 -99
1678 1 204.8262637 -99
1679 1 180.1275405 -99
1680 1 102.479951 95.9871321
1681 1 80.5912451 159.5943399
1682 1 145.2069406 210.2646283
1683 1 -14.0771066 132.7613847
1684 1 57.6104289 131.3599916
1685 1 120.3824058 189.5964435
1686 1 91.8157432 172.082767
1687 1 78.635318 117.7230916
1688 1 65.1821189 119.8181565
1689 1 88.939933 173.4773473
1690 1 85.8558415 133.7140523
1691 1 -2.1108291 60.7398143
1692 1 23.4214926 88.176338
1693 1 78.7973024 150.5048286
1694 1 95.3596714 317.8558633
1695 1 100.233774 146.4330341
1696 1 -8.9255383 -99
1697 1 201.8106748 -99
1698 1 206.3199172 238.2338093
1699 1 164.0710742 -99
1700 1 61.1191713 111.8524119
1701 1 130.9590985 195.8393484
1702 1 53.9466655 -99
1703 1 83.9094907 137.9516249
1704 1 0.5862575 87.8810697
1705 1 125.3614424 204.8083818
1706 1 14.5099338 92.6444297
1707 1 59.2983475 112.5888949
1708 1 26.222006 75.644405
1709 1 42.2637882 -99
1710 1 93.4971911 153.5829095
1711 1 71.2623377 102.5232345
1712 1 83.3652803 160.763692
1713 1 66.8397224 113.5830211
1714 1 78.7567712 149.5638361
1715 1 238.2578188 -99
1716 1 148.8474838 186.4288136
1717 1 140.4822296 185.2107479
1718 1 201.2226975 202.7045751
1719 1 79.0949787 140.1752583
1720 1 88.5295646 -99
1721 1 68.7895606 133.1559198
1722 1 108.7644057 159.8889637
1723 1 70.3602262 53.2471313
1724 1 73.1745143 121.933246
1725 1 171.3729845 -99
1726 1 -27.6115566 92.6789319
1727 1 132.7138064 187.2733884
1728 1 50.5022551 115.1472641
1729 1 43.9666365 65.5357321
1730 1 148.2009586 222.4489472
1731 1 185.9606077 -99
1732 1 75.4823856 -99
1733 1 104.7310185 155.3190134
1734 1 72.3962241 122.3378181
1735 1 97.9405467 234.9268053
1736 1 95.8605113 168.0021372
1737 1 149.6564827 -99
1738 1 48.9975205 128.567903
1739 1 96.5779865 119.6288643
1740 1 125.0275084 -99
1741 1 32.7143804 94.8809019
1742 1 -15.7332566 -99
1743 1 54.5399001 132.4187805
1744 1 95.4570179 132.3161425
1745 1 77.7656681 150.210047
1746 1 246.3420168 213.9701916
1747 1 129.9592627 143.4507876
1748 1 63.500236 48.048402
1749 1 94.1682333 -99
1750 1 40.5859303 86.2091355
1751 1 -12.5904146 -99
1752 1 23.533778 77.0531229
1753 1 234.8376726 -99
1754 1 202.0361839 167.340657
1755 1 195.3572444 273.2940445
1756 1 105.8521444 153.7419679
1757 1 110.4877087 -99
1758 1 72.2124759 167.1472237
1759 1 105.4593576 136.4121566
1760 1 89.7032443 -99
1761 1 131.9646365 161.724139
1762 1 221.8138986 178.0294348
1763 1 106.9235025 128.922005
1764 1 -15.8161868 44.845831
1765 1 69.9969205 130.0849103
1766 1 142.6078156 169.2817929
1767 1 30.9670948 -99
1768 1 122.8468451 176.4254516
1769 1 182.389199 167.5154827
1770 1 78.2359263 -99
1771 1 54.0258112 137.1897433
1772 1 31.297056 91.5148703
1773 1 103.2379952 153.7741731
1774 1 141.5812327 -99
1775 1 73.8714175 -99
1776 1 44.4955584 101.2194444
1777 1 148.2810142 228.6568475
1778 1 21.381304 162.7058056
1779 1 8.6821948 89.5164293
1780 1 212.5725112 187.6055716
1781 1 149.6671177 254.032174
1782 1 67.1578142 137.7428804
1783 1 113.1386239 143.1479015
1784 1 29.9174462 39.3193423
1785 1 111.4847625 195.3870735
1786 1 122.1062484 172.7867013
1787 1 92.9939827 -99
1788 1 81.0913034 136.1118942
1789 1 156.5788226 245.9142664
1790 1 106.4592966 196.8749557
1791 1 54.6120158 -99
1792 1 73.0958646 38.0013344
1793 1 125.2245881 -99
1794 1 63.7694729 125.6212629
1795 1 70.5721212 133.5731115
1796 1 179.6908945 -99
1797 1 36.6463838 29.007454
1798 1 102.7030092 171.707839
1799 1 204.4125412 -99
1800 1 94.4967466 125.1209055
1801 1 82.7779093 -99
1802 1 57.9670797 83.387147
1803 1 46.6741899 105.6529532
1804 1 81.4404285 148.3711286
1805 1 69.3832391 145.1634291
1806 1 80.0540673 142.6723819
1807 1 97.1489838 172.8785553
1808 1 58.5899073 123.8988646
1809 1 125.8595432 213.2294573
1810 1 92.6888611 228.9088573
1811 1 46.6749745 89.9006849
1812 1 136.2478315 163.2934943
1813 1 132.0424479 163.7283353
1814 1 152.1831833 -99
1815 1 25.1472838 134.9518686
1816 1 52.4747038 115.2714691
1817 1 -56.9856871 108.217579
1818 1 16.0012606 -99
1819 1 119.4451813 276.1132775
1820 1 56.5183618 127.7360364
1821 1 102.9855209 -99
1822 1 70.0826172 160.8947197
1823 1 26.2776971 107.5469809
1824 1 53.4193927 91.0006017
1825 1 139.051801 191.8156973
1826 1 67.3745087 125.6086598
1827 1 94.0315943 178.4894186
1828 1 49.4923152 104.3431686
1829 1 -35.3636893 68.9451018
1830 1 112.2427406 178.5518825
1831 1 32.9612698 95.7057494
1832 1 64.0189542 162.6395331
1833 1 89.2994289 173.6061067
1834 1 48.5152295 114.861388
1835 1 66.3678747 117.4341867
1836 1 135.2664547 -99
1837 1 172.5565043 219.4655865
1838 1 95.7117209 190.8902458
1839 1 19.8975898 73.324428
1840 1 17.0031208 56.5865512
1841 1 198.2998445 -99
1842 1 76.992932 126.1853582
1843 1 58.0575126 107.1546692
1844 1 87.6119102 141.0534779
1845 1 128.6075471 206.9568643
1846 1 100.6631253 186.9213136
1847 1 55.0483738 86.6392515
1848 1 131.3138306 99.0504654
1849 1 137.7679218 160.6932609
1850 1 88.3288821 158.8340558
1851 1 -52.4037831 -99
1852 1 44.0030481 128.8789063
1853 1 72.3551905 150.0626469
1854 1 169.6010845 253.3740647
1855 1 -20.3552684 102.4050238
1856 1 249.184112 263.0542881
1857 1 57.0471158 106.5738587
1858 1 111.9959505 -99
1859 1 171.3663434 160.109775
1860 1 178.5283681 207.782713
1861 1 63.1372169 99.8395285
1862 1 290.0144058 288.5283518
1863 1 101.4512044 -99
1864 1 115.8743859 205.9384484
1865 1 94.7212362 160.1637805
1866 1 103.4287855 184.2893256
1867 1 35.0044977 -99
1868 1 113.2958247 149.5242928
1869 1 115.7879634 -99
1870 1 124.962322 115.2547274
1871 1 136.0165415 -99
1872 1 177.737478 -99
1873 1 164.8262095 -99
1874 1 258.8634256 -99
1875 1 91.1408951 159.0523058
1876 1 87.1215246 146.7103982
1877 1 40.1311948 88.022321
1878 1 59.7726585 137.7230119
1879 1 141.0586992 181.008101
1880 1 198.3878165 290.44628
1881 1 169.7544459 -99
1882 1 142.3941976 -99
1883 1 64.05492 163.5912986
1884 1 43.6257514 93.9184281
1885 1 91.8710196 183.9341186
1886 1 113.8035562 133.187232
1887 1 79.1271672 129.1820143
1888 1 154.4368541 155.7455036
1889 1 -42.0194677 79.248863
1890 1 115.8687261 -99
1891 1 243.8369136 -99
1892 1 192.7125092 214.8764736
1893 1 60.3462088 116.6411943
1894 1 70.2469879 135.9469003
1895 1 -1.4742155 3.2806598
1896 1 -73.1293225 -99
1897 1 41.650062 81.039938
1898 1 22.6613977 113.4286383
1899 1 116.7265241 172.7254944
1900 1 206.253091 191.3260692
1901 1 124.0604932 178.2998833
1902 1 117.9688267 235.63678
1903 1 84.777635 164.7479501
1904 1 66.9237734 148.8485965
1905 1 133.5244056 273.9533964
1906 1 175.9899999 -99
1907 1 83.5551619 163.096693
1908 1 105.7395711 216.4600875
1909 1 76.8865873 83.5938375
1910 1 57.0594029 128.7206034
1911 1 75.0441339 140.4338387
1912 1 114.4726787 -99
1913 1 85.0264208 159.0562036
1914 1 105.9655049 155.0215905
1915 1 26.2916682 76.2356723
1916 1 118.5885507 149.8493678
1917 1 269.0847933 260.8223935
1918 1 75.5301992 162.9870783
1919 1 152.6660108 -99
1920 1 150.6997326 211.1235999
1921 1 70.6549712 132.5771473
1922 1 118.0836562 -99
1923 1 142.3761522 -99
1924 1 82.3222167 158.1823202
1925 1 129.3806265 -99
1926 1 89.4276902 154.3713684
1927 1 67.3382248 166.9207126
1928 1 21.0742473 100.2105354
1929 1 107.9779515 155.892237
1930 1 69.0447801 155.3068626
1931 1 18.8736899 88.9050393
1932 1 116.5390883 206.239924
1933 1 -27.1738146 53.4595978
1934 1 64.2840323 59.710666
1935 1 111.178708 279.5041882
1936 1 196.849594 -99
1937 1 70.3197243 222.435109
1938 1 49.3335857 184.7858746
1939 1 137.5466084 166.3594527
1940 1 274.3163748 -99
1941 1 104.7779471 200.9198377
1942 1 96.0704259 210.3357568
1943 1 85.0958866 153.4135672
1944 1 25.5799256 -99
1945 1 13.5516292 -99
1946 1 162.0612754 224.0752167
1947 1 77.6702589 136.2252288
1948 1 77.1358169 226.7327259
1949 1 30.5331636 -99
1950 1 164.5206651 -99
1951 1 94.6467006 194.8710833
1952 1 79.9524127 105.2622384
1953 1 174.8355759 207.7438738
1954 1 103.4086741 72.4913164
1955 1 64.9852485 112.0473188
1956 1 38.0346435 111.1465476
1957 1 70.7651283 156.3064674
1958 1 91.4885262 169.7212717
1959 1 179.9746577 -99
1960 1 123.4531868 -99
1961 1 117.2818455 -99
1962 1 74.0195463 -99
1963 1 85.1373149 152.8869151
1964 1 65.3442863 132.8079147
1965 1 73.4980756 132.7884671
1966 1 73.0666252 134.4374474
1967 1 42.9818375 108.4096208
1968 1 5.7342996 72.6617953
1969 1 110.2255027 160.8366775
1970 1 78.1793621 130.8151614
1971 1 51.2157472 113.6987924
1972 1 12.3402788 49.021755
1973 1 62.0905728 95
1974 1 9.65336 80.9077786
1975 1 -15.38184 73.6380578
1976 1 110.01579 171.40578
1977 1 23.7120852 94.7869336
1978 1 99.5138195 168.0191389
1979 1 78.5103147 150.2581667
1980 1 54.2415689 114.3833268
1981 1 59.115412 135.4370421
1982 1 64.6340074 138.798639
1983 1 56.1886619 133.4594838
1984 1 65.780977 92.0769562
1985 1 79.7341098 79.0934284
1986 1 -21.7470734 15.8763196
1987 1 16.0589556 42.1512654
1988 1 20.1029062 30.6288236
1989 1 88.7314711 142.3040174
1990 1 62.7682918 68.8060995
1991 1 56.4362971 160.7872581
1992 1 60.4638516 132.6958387
1993 1 191.8548716 234.6404744
1994 1 96.5158021 152.822219
1995 1 102.3038122 70.198581
1996 1 -28.6814492 61.9785729
1997 1 -16.2479613 41.1813683
1998 1 45.7833152 126.9757313
1999 1 19.6224648 51.0821845
2000 1 -21.2055136 41.7936968
2001 1 13.4467731 92.5642346
2002 1 67.7043824 71.1290436
2003 1 29.8526023 84.683264
2004 1 58.510034 105.2806279
2005 1 -25.219421 45.4661974
2006 1 35.3026818 96.5670699
2007 1 27.8047612 76.2676022
2008 1 91.9146671 143.2915127
2009 1 92.8043323 152.0740048
2010 1 42.8698604 83.9837977
2011 1 16.6849 55.9760955
2012 1 4.1577282 79.5814826
2013 1 40.8277982 75.0675569
2014 1 42.6071808 101.6345712
2015 1 126.5703294 214.3857431
2016 1 22.5604535 55.5404583
2017 1 56.2108183 94.8438962
2018 1 30.6907531 49.7622637
2019 1 93.3234696 145.0893084
2020 1 39.4561026 95.3304887
2021 1 9.5055034 94.1908655
2022 1 -40.0194387 36.3315148
2023 1 106.8970917 122.2006084
2024 1 18.4624504 112.5271142
2025 1 84.7904946 193.6099337
2026 1 57.820387 93.1263864
2027 1 62.5744666 131.6876144
2028 1 65.773372 124.4510409
2029 1 -2.9674345 71.8698851
2030 1 109.8590493 89.3545514
2031 1 75.7062981 116.1796056
2032 1 70.8003424 138.568727
2033 1 65.558308 126.1674025
2034 1 -32.4523587 77.6574922
2035 1 160.0806584 163.2958407
2036 1 152.6711797 185.0133804
2037 1 144.2207829 173.1052433
2038 1 45.4327706 153.178456
2039 1 52.2101726 -99
2040 1 22.1664251 95.8014769
2041 1 21.4911274 62.4952872
2042 1 87.7178863 156.4673031
2043 1 80.1385016 153.2655036
2044 1 -3.0848297 57.5626229
2045 1 65.9547089 85.2153937
2046 1 49.3765604 103.4079972
2047 1 70.6711524 151.6570623
2048 1 90.8443986 192.0949534
2049 1 69.5918612 90.9526886
2050 1 92.6327013 158.5244078
2051 1 127.5405544 163.276283
2052 1 72.2406201 96.9909775
2053 1 17.3559092 -99
2054 1 27.9763105 91.1131016
2055 1 90.9094093 68.8232264
2056 1 84.0083655 188.3792455
2057 1 75.6483152 98.0101455
2058 1 93.9247205 155.763804
2059 1 111.265478 168.3338397
2060 1 196.1672373 238.3933925
2061 1 106.8475215 93.0337068
2062 1 108.9869158 160.0691404
2063 1 195.2591523 220.8367422
2064 1 160.0360469 232.1854752
2065 1 85.8512455 174.8650992
2066 1 56.9993571 -99
2067 1 135.8149604 223.9192197
2068 1 55.8387195 111.2277798
2069 1 87.7577647 162.4304333
2070 1 120.4618804 137.5141352
2071 1 39.6629106 143.1722655
2072 1 108.2992242 150.5182228
2073 1 54.4189597 102.2713555
2074 1 61.6693497 -99
2075 1 94.8193587 121.3390313
2076 1 162.1397803 147.9612829
2077 1 15.876729 91.6216605
2078 1 102.2972969 111.058178
2079 1 147.189198 -99
2080 1 77.7349788 150.7385396
2081 1 75.692528 -99
2082 1 103.6182457 -99
2083 1 191.1026637 139.5013503
2084 1 -17.7107252 33.5141443
2085 1 53.7284959 104.8854337
2086 1 118.0871257 198.673363
2087 1 240.7378832 218.2726635
2088 1 202.228426 221.1379399
2089 1 101.6715999 118.5488963
2090 1 231.9888994 111.4573283
2091 1 169.2172943 134.8811886
2092 1 125.5944547 152.8820225
2093 1 116.3786044 142.9677159
2094 1 169.8046969 260.5091327
2095 1 104.0519127 146.6314251
2096 1 32.2608452 126.1113046
2097 1 109.1675826 178.7404396
2098 1 112.8857841 207.5127276
2099 1 302.679361 -99
2100 1 90.7048172 132.4573633
2101 1 26.0904124 86.3668526
2102 1 62.6365855 67.7471331
2103 1 95.2293372 124.7187999
2104 1 179.706552 -99
2105 1 77.1770879 -99
2106 1 32.1542488 -99
2107 1 155.7791515 -99
2108 1 259.7244079 -99
2109 1 245.7248842 -99
2110 1 -21.2809455 90.9474436
2111 1 156.2096631 199.7979023
2112 1 65.2928321 135.4
2113 1 84.498244 -99
2114 1 98.0035672 92.6767298
2115 1 74.5662902 71.1820666
2116 1 91.1063284 151.9049552
2117 1 101.4765174 169.5075968
2118 1 124.567135 217.4971778
2119 1 29.8283715 99.4877861
2120 1 -84.6950924 -99
2121 1 116.708186 -99
2122 1 274.5289322 244.0933816
2123 1 139.7847523 -99
2124 1 97.6819798 174.9659889
2125 1 196.9811319 -99
2126 1 133.0614102 186.7817618
2127 1 168.5652176 -99
2128 1 93.4383654 150.7109093
2129 1 57.6169006 100.5994914
2130 1 204.5000478 208.8777754
2131 1 112.0504106 134.3716857
2132 1 48.4975953 35.3429425
2133 1 31.0709591 193.4368147
2134 1 70.9329695 114.5901702
2135 1 110.4426554 -99
2136 1 73.8185389 143.6979732
2137 1 33.2005791 -99
2138 1 165.554213 -99
2139 1 118.3281129 -99
2140 1 63.6562661 -99
2141 1 99.4318317 163.5536489
2142 1 202.8483714 -99
2143 1 141.4023845 499.8288026
2144 1 129.8490902 -99
2145 1 120.9597577 -99
2146 1 52.1271783 99.707743
2147 1 37.6232323 40.719348
2148 1 162.39873 -99
2149 1 45.5485961 -99
2150 1 106.3988486 -99
2151 1 97.5442844 -99
2152 1 109.9420697 204.1858551
2153 1 101.2341191 179.4836202
2154 1 -123.1036428 -4.3762659
2155 1 78.1356466 110.7354528
2156 1 94.7012321 154.6619714
2157 1 216.4052126 -99
2158 1 152.6049014 240.7858713
2159 1 53.4292956 96.0218569
2160 1 2.6710085 -99
2161 1 40.7874898 181.7389634
2162 1 237.8710993 -99
2163 1 74.5140306 114.9242994
2164 1 53.7159024 163.9610912
2165 1 185.8164049 -99
2166 1 177.5302828 -99
2167 1 151.9670297 230.6192578
2168 1 183.3618362 267.7083786
2169 1 48.616975 67.7848939
2170 1 134.8706243 289.1241193
2171 1 112.3394113 195.6290604
2172 1 168.9791282 -99
2173 1 76.8674381 130.9259026
2174 1 27.4895708 -99
2175 1 62.0264714 136.7424647
2176 1 245.9075729 166.8402695
2177 1 91.5046846 165.9068546
2178 1 123.7908074 177.9413891
2179 1 83.2163339 185.1225359
2180 1 238.0892816 -99
2181 1 90.8352686 168.1280878
2182 1 162.6547703 -99
2183 1 40.3763236 93.8270537
2184 1 68.3421348 102.3723072
2185 1 91.4448109 213.1792587
2186 1 219.2621771 -99
2187 1 131.6574813 -99
2188 1 47.097403 -99
2189 1 100.354196 -99
2190 1 57.5431777 104.7906239
2191 1 66.4453025 126.3444032
2192 1 177.2467784 151.8978363
2193 1 94.4548531 -99
2194 1 122.2265389 183.8080676
2195 1 121.8692606 168.333024
2196 1 30.6991367 87.5058231
2197 1 66.8973499 -99
2198 1 64.7614745 78.8055994
2199 1 52.4697041 98.2260563
2200 1 20.6586282 43.2098498
2201 1 47.737346 -99
2202 1 100.9870657 -99
2203 1 42.6968356 56.9651126
2204 1 91.4448607 183.6362959
2205 1 117.204064 174.9668587
2206 1 63.3822755 115.1748205
2207 1 82.4119944 118.0435294
2208 1 76.5124386 -99
2209 1 103.6855466 -99
2210 1 137.4803824 -99
2211 1 -80.2671435 -99
2212 1 156.906647 169.7194633
2213 1 135.6164557 -99
2214 1 63.9376783 125.0813441
2215 1 67.6326555 117.5520161
2216 1 154.7324288 236.3459913
2217 1 271.5167746 258.9026214
2218 1 53.243344 -99
2219 1 102.8540644 167.4611312
2220 1 91.8776733 163.5623121
2221 1 80.5760499 154.3770699
2222 1 87.8930525 122.2183306
2223 1 87.3658584 121.4168847
2224 1 51.7358493 96.5582983
2225 1 216.7847278 -99
2226 1 186.3308968 157.14103
2227 1 83.9398858 146.1561512
2228 1 -79.9937905 -99
2229 1 30.3821917 41.9527828
2230 1 102.9410239 202.1616193
2231 1 94.528664 136.487311
2232 1 91.6551132 165.4148442
2233 1 45.4260419 -99
2234 1 11.9423882 39.9141042
2235 1 89.4322214 126.7752367
2236 1 129.5385496 -99
2237 1 134.621928 178.9094252
2238 1 39.4984875 -99
2239 1 89.9643283 -99
2240 1 58.8208453 125.1941925
2241 1 53.4892491 88.0513168
2242 1 120.0369736 -99
2243 1 70.8877103 106.7736428
2244 1 354.0714311 -99
2245 1 32.3879766 102.1238825
2246 1 -7.2888905 83.9930139
2247 1 33.3941132 94.1030871
2248 1 99.5479036 145.1362277
2249 1 93.8486616 100.1199742
2250 1 193.8826727 -99
2251 1 -56.1422782 -99
2252 1 120.1635949 -99
2253 1 79.9783121 162.7816433
2254 1 81.3041816 -99
2255 1 35.5493345 42.4265587
2256 1 82.3583677 178.9317471
2257 1 99.4333797 113.869372
2258 1 80.9015317 145.252948
2259 1 61.6319369 126.1586141
2260 1 66.1324776 136.1793948
2261 1 69.0751435 139.0053655
2262 1 36.8367746 114.9021473
2263 1 154.2440437 176.7069974
2264 1 90.0948215 142.4982221
2265 1 71.9825525 112.3674091
2266 1 89.8099136 -99
2267 1 74.1346592 102.2886457
2268 1 81.1493962 112.1977175
2269 1 48.9267096 111.301847
2270 1 72.3732365 128.9851298
2271 1 110.5329315 135.9208955
2272 1 108.1542697 176.6120214
2273 1 39.8755381 74.0536443
2274 1 68.0887595 50.9266669
2275 1 47.3015079 134.3454986
2276 1 121.1457159 136.8726319
2277 1 80.4 159.8440928
2278 1 -23.2107577 76.3496979
2279 1 112.3183578 203.3626306
2280 1 -7.2765744 128.6189917
2281 1 203.4405484 -99
2282 1 249.7045729 225.4056024
2283 1 46.7055189 94.7745219
2284 1 32.6624056 56.8949414
2285 1 71.6794758 136.2530443
2286 1 73.1760759 134.345355
2287 1 84.7885699 162.0381692
2288 1 62.5861593 130.4617481
2289 1 92.6872901 -99
2290 1 69.8769784 146.9467134
2291 1 219.677777 -99
2292 1 74.2241164 144.3774105
2293 1 106.4633996 181.111673
2294 1 8.3167164 -99
2295 1 87.2697812 157.3242524
2296 1 56.0018698 105.3030666
2297 1 75.7453106 -99
2298 1 52.1198881 157.4864152
2299 1 288.5134879 -99
2300 1 55.7433877 112.0450654
2301 1 166.1163249 143.0852369
2302 1 195.8145587 153.0655529
2303 1 112.5812929 128.1974166
2304 1 230.8363627 175.5445289
2305 1 179.2434573 181.6743262
2306 1 86.0846183 -99
2307 1 69.7488163 21.8266727
2308 1 201.4500181 -99
2309 1 -40.0717912 -99
2310 1 86.0199146 141.7360993
2311 1 100.0579346 -99
2312 1 99.3300071 176.2348862
2313 1 98.9952104 160.8631813
2314 1 183.6733454 183.8177885
2315 1 19.9236376 -42.6982992
2316 1 -55.6767644 96.2066879
2317 1 11.9817577 69.1295112
2318 1 122.8985346 -99
2319 1 25.4741839 -99
2320 1 59.1636074 114.8434025
2321 1 114.9584444 -99
2322 1 97.1034662 -99
2323 1 57.3711782 181.468637
2324 1 -41.6355806 -99
2325 1 88.4665201 156.1391116
2326 1 67.6005448 -99
2327 1 82.821211 -99
2328 1 -28.8189454 18.3076631
2329 1 52.2459336 126.2846552
2330 1 171.5893004 -99
2331 1 158.6590293 185.5021084
2332 1 119.2476857 146.2751451
2333 1 38.0355696 100.723961
2334 1 72.4101294 137.9484167
2335 1 162.9378287 -99
2336 1 51.1194277 -37.3683288
2337 1 139.4176124 186.4241556
2338 1 13.9267744 -99
2339 1 205.0193309 198.3772873
2340 1 65.8994693 -99
2341 1 74.4839355 80.1501061
2342 1 61.7683695 84.8406595
2343 1 42.4836797 -99
2344 1 144.9460096 218.292009
2345 1 103.2534749 -99
2346 1 124.6605461 119.1004507
2347 1 328.5553633 228.2519685
2348 1 83.5281918 -99
2349 1 344.6478503 -99
2350 1 74.6790223 141.4087406
2351 1 148.4771869 211.6642301
2352 1 -122.532298 44.0386839
2353 1 86.2192596 147.7481467
2354 1 123.5017895 168.6037013
2355 1 126.0071314 147.1275245
2356 1 -44.5332917 40.4100118
2357 1 -91.0341544 22.4735869
2358 1 53.7279017 102.1908704
2359 1 112.9605976 132.0848978
2360 1 137.2077768 139.5876296
2361 1 88.9694743 124.2936123
2362 1 92.3425309 140.6441271
2363 1 82.0284057 141.8360582
2364 1 100.4643299 149.3816287
2365 1 166.8264279 226.392242
2366 1 68.4041245 -99
2367 1 251.7120347 -99
2368 1 75.5686226 135.0984241
2369 1 104.0573833 269.8950305
2370 1 61.2510247 49.3416373
2371 1 94.2847489 175.3202007
2372 1 84.9163068 150.2679698
2373 1 92.8968492 170.4364628
2374 1 168.1489482 -99
2375 1 -39.9216833 -49.5437027
2376 1 81.9248918 134.0925922
2377 1 129.5149733 -99
2378 1 84.377636 164.5926461
2379 1 101.5857482 148.298057
2380 1 69.6450153 217.3460258
2381 1 162.8042134 -99
2382 1 0.3341077 -99
2383 1 55.496423 121.8823324
2384 1 99.7991045 237.5932618
2385 1 146.4566874 177.704916
2386 1 124.4752869 189.3698963
2387 1 198.5533961 -99
2388 1 83.0755571 103.5768987
2389 1 -20.1231145 89.4708284
2390 1 71.0379947 125.0812827
2391 1 82.8220631 -99
2392 1 124.7900115 175.8549657
2393 1 73.9952675 161.354203
2394 1 82.8923069 155.4808903
2395 1 137.0835037 152.3882007
2396 1 96.9806452 178.647634
2397 1 97.7938018 86.8698014
2398 1 202.6285656 261.4462457
2399 1 72.6135068 133.3295477
2400 1 294.8388718 -99
2401 1 88.1449781 212.6079689
2402 1 91.4145328 -99
2403 1 79.3485508 173.4504575
2404 1 277.6796095 -99
2405 1 200.443527 209.8005731
2406 1 142.1749594 171.6323266
2407 1 103.7016395 -99
2408 1 68.1558997 160.3702951
2409 1 83.5606363 140.445717
2410 1 76.5422896 -99
2411 1 115.0495085 197.5480819
2412 1 91.3321979 147.8039958
2413 1 62.5764397 -99
2414 1 54.2370025 97.7110341
2415 1 -18.0262372 -99
2416 1 62.1052521 124.4664267
2417 1 119.4132309 321.5204391
2418 1 72.5258593 -99
2419 1 97.0390981 175.4359486
2420 1 89.954438 152.1808009
2421 1 267.731631 -99
2422 1 74.7973183 -99
2423 1 142.3279701 311.0335966
2424 1 101.9935233 190.1001833
2425 1 20.6873629 -99
2426 1 125.6371893 171.4732785
2427 1 59.5646713 140.3664691
2428 1 154.5185818 126.3420761
2429 1 67.9421104 125.10408
2430 1 189.1980971 -99
2431 1 59.2313989 129.1764261
2432 1 103.0126598 198.4008759
2433 1 99.3817502 150.4555428
2434 1 115.095587 189.7360276
2435 1 75.6470695 -99
2436 1 132.5966627 -99
2437 1 194.4655175 -99
2438 1 145.1591303 190.1601621
2439 1 117.6038097 167.2754003
2440 1 51.7768656 131.6058586
2441 1 25.3093609 150.2
2442 1 -46.620959 -99
2443 1 61.1164375 130.4760315
2444 1 196.0266588 206.7908956
2445 1 163.231509 152.453034
2446 1 199.2641768 230.0287931
2447 1 66.6305897 39.5671713
2448 1 189.6296749 203.2000908
2449 1 215.3704495 200.9456918
2450 1 203.8095729 239.4404092
2451 1 77.9833147 -99
2452 1 133.3913415 181.2868149
2453 1 109.5183913 173.3938817
2454 1 371.8278037 -99
2455 1 59.5141702 148.082283
2456 1 102.3079939 -99
2457 1 61.5060277 141.3683156
2458 1 47.8636229 151.5118147
2459 1 67.798947 136.8003291
2460 1 99.3750628 185.9148384
2461 1 123.3772692 203.6791968
2462 1 69.8393058 115.9080742
2463 1 68.2161758 136.1011981
2464 1 74.1715319 83.3230661
2465 1 153.311642 196.3336297
2466 1 119.5981363 129.8141188
2467 1 152.0842582 173.181403
2468 1 174.8713568 -99
2469 1 79.7447078 250.3723232
2470 1 23.7853347 92.1045648
2471 1 62.3450924 144.6825544
2472 1 183.8846369 -99
2473 1 239.8127729 241.3456617
2474 1 299.9235383 261.5308648
2475 1 173.6087911 241.2712714
2476 1 61.1479715 114.1478461
2477 1 -91.9677184 -7.8157925
2478 1 108.3995083 118.9477124
2479 1 -10.7441726 -99
2480 1 99.6094589 170.5433224
2481 1 82.3949685 -99
2482 1 100.6226072 218.971234
2483 1 100.742797 172.9446432
2484 1 -6.5857405 -99
2485 1 39.8220648 109.7113948
2486 1 107.3122892 182.7753063
2487 1 180.5115231 -99
2488 1 69.7661648 48.4050943
2489 1 85.3671667 164.2006895
2490 1 75.5285729 117.6940858
2491 1 98.4639376 189.5563084
2492 1 93.7749355 151.8472835
2493 1 -68.5292409 -99
2494 1 108.0553157 153.4448241
2495 1 62.7871887 132.2894604
2496 1 32.2940163 -99
2497 1 75.6199517 139.1194766
2498 1 96.1039798 163.8267005
2499 1 68.0503517 127.6558815
2500 1 62.1499847 129.5558862
2501 1 66.48603 91.8597066
2502 1 90.0567561 150.7806669
2503 1 151.2546771 -99
2504 1 67.7765787 123.6041175
2505 1 131.2623491 176.5710433
2506 1 102.5740437 159.8785142
2507 1 66.4805244 168.1195184
2508 1 153.6474095 -99
2509 1 77.1786871 152.1349926
2510 1 141.2129736 195.6937371
2511 1 87.5081609 153.6551821
2512 1 98.5826804 191.8093127
2513 1 195.901606 -99
2514 1 169.8529874 -99
2515 1 131.3566602 -99
2516 1 274.1168358 -99
2517 1 158.8982547 171.8486556
2518 1 137.6128898 141.9603
2519 1 111.9107066 183.2576891
2520 1 188.8385994 175.7777891
2521 1 59.5667177 114.8992336
2522 1 254.5768578 -99
2523 1 96.7326794 -99
2524 1 78.3379162 145.1636729
2525 1 95.4285933 162.0789921
2526 1 97.0683788 181.7390319
2527 1 127.8513357 216.5258566
2528 1 275.7839471 -99
2529 1 178.2153799 -99
2530 1 0.2930502 101.4812919
2531 1 110.8901659 -99
2532 1 -6.0748444 -99
2533 1 156.9370524 -99
2534 1 138.3723558 -99
2535 1 -63.6611099 88.8119238
2536 1 87.0831178 151.5790963
2537 1 144.6731235 162.1267057
2538 1 76.5613246 137.6405776
2539 1 43.0432655 142.0462192
2540 1 51.9420156 117.5510405
2541 1 79.706725 160.6249503
2542 1 56.8219991 108.6193506
2543 1 187.3887703 143.6843502
2544 1 145.1640995 219.5554015
2545 1 12.4287171 68.1794678
2546 1 -28.3585059 57.0963391
2547 1 43.6075385 -99
2548 1 77.9188473 -99
2549 1 -76.599298 43.4929932
2550 1 110.5229003 140.1782667
2551 1 -102.5121826 28.8048043
2552 1 105.0267084 149.5736664
2553 1 21.9997476 76.4436642
2554 1 -55.504943 53.2612674
2555 1 -2.5223652 88.8597663
2556 1 111.9245537 -99
2557 1 114.4313604 164.6098898
2558 1 121.4509152 136.018711
2559 1 269.7074731 -99
2560 1 29.710705 91.9375568
2561 1 10.4765063 -99
2562 1 80.2995249 154.7446908
2563 1 0.6450125 82.0675325
2564 1 -7.2459077 8.3218361
2565 1 151.8253996 -99
2566 1 243.077089 271.081182
2567 1 196.399822 214.2711462
2568 1 186.4890767 283.2200766
2569 1 99.8953257 171.9851512
2570 1 106.1063711 192.4561288
2571 1 73.1764247 131.3923342
2572 1 113.955261 190.094153
2573 1 50.9448599 130.0885074
2574 1 174.3831533 187.8961605
2575 1 35.4215544 88.9241046
2576 1 85.229802 108.5207578
2577 1 181.3526367 197.3522161
2578 1 139.7716529 161.2204906
2579 1 130.2446791 116.041716
2580 1 162.7336774 -99
2581 1 187.7854351 253.0902876
2582 1 13.8042513 76.9759413
2583 1 281.3190815 215.9949057
2584 1 96.1592014 116.9832819
2585 1 13.4839854 -99
2586 1 58.9734841 128.8694675
2587 1 192.8988379 234.3448221
2588 1 88.2481204 155.9809255
2589 1 239.7916228 181.0246431
2590 1 100.821823 160.315687
2591 1 20.7016849 151.3376876
2592 1 83.8508944 144.5277678
2593 1 120.03261 -99
2594 1 76.8934067 114.61888
2595 1 263.670192 346.977515
2596 1 113.3168323 233.0796128
2597 1 247.9978781 238.6401071
2598 1 116.424508 200.9695235
2599 1 102.9283834 182.4043735
2600 1 260.4073539 -99
2601 1 215.9958279 -99
2602 1 71.2390111 -99
2603 1 136.310552 299.0806953
2604 1 223.4778124 262.4665136
2605 1 88.2754019 148.4175667
2606 1 293.6143107 191.5138433
2607 1 118.3764942 211.8224082
2608 1 210.4048099 278.0836026
2609 1 -61.9772277 15.9344753
2610 1 76.57963 165.668106
2611 1 114.1791085 -99
2612 1 68.4296134 109.2480685
2613 1 131.2523559 182.77487
2614 1 60.5103756 111.1312815
2615 1 -156.481233 -99
2616 1 69.5658189 127.9539902
2617 1 -152.9187624 19.219426
2618 1 -106.5802373 63.054881
2619 1 114.1068647 249.2787253
2620 1 98.4156084 194.1825949
2621 1 131.9953547 185.0829702
2622 1 -33.4468625 90.9700712
2623 1 -28.6866722 -99
2624 1 80.3662618 -99
2625 1 134.7434881 192.6232533
2626 1 61.6216239 127.9750397
2627 1 -44.8678199 -99
2628 1 -14.639374 45.765192
2629 1 -74.8001284 57.3242147
2630 1 22.6831464 -99
2631 1 -5.7935311 120.0872184
2632 1 -56.326221 -99
2633 1 -31.3734452 -99
2634 1 -91.9136079 -99
2635 1 96.3441701 161.7006703
2636 1 66.8779314 129.2095555
2637 1 23.6044181 145.7055223
2638 1 77.0570348 146.6954143
2639 1 78.6655471 -99
2640 1 91.923498 -99
2641 1 103.685078 149.7866633
2642 1 57.1401925 129.3424076
2643 1 167.5996606 175.4721598
2644 1 6.5473865 105.5163602
2645 1 89.6329045 169.0501503
2646 1 173.6984994 230.6713235
2647 1 83.280816 -99
2648 1 102.2870794 200.9294559
2649 1 59.5065756 133.8319584
2650 1 61.3199292 98.2188613
2651 1 230.8039103 260.4331438
2652 1 82.7290374 163.2563127
2653 1 90.9893798 177.596196
2654 1 81.6037123 185.3457609
2655 1 72.9199523 144.780659
2656 1 37.6991727 95.6978434
2657 1 104.6876396 188.0248495
2658 1 121.136254 196.9851027
2659 1 114.6034307 -99
2660 1 106.3728476 195.0816518
2661 1 74.7084018 103.7482456
2662 1 125.4402651 180.9390932
2663 1 63.6481464 71.3253619
2664 1 127.3016581 198.7013578
2665 1 97.8130128 179.3221231
2666 1 92.4756708 163.9533258
2667 1 257.548589 223.7262949
2668 1 62.6533068 84.0763333
2669 1 79.8862676 100.217977
2670 1 155.8303593 188.3880608
2671 1 -3.3214733 -99
2672 1 73.5020807 125.3143616
2673 1 92.0820077 123.2679471
2674 1 147.9458154 185.5135144
2675 1 65.0927964 117.9623026
2676 1 108.2348762 211.3941371
2677 1 66.9658901 -99
2678 1 105.2849018 186.7173634
2679 1 47.8368912 92.8444224
2680 1 154.8158648 219.3967684
2681 1 236.4231563 241.9667021
2682 1 149.6496358 188.9112272
2683 1 107.9832132 205.6111873
2684 1 105.8426013 218.1775024
2685 1 113.897291 201.8324302
2686 1 3.8869326 -99
2687 1 100.7477513 171.136839
2688 1 179.8924912 266.7355491
2689 1 51.9185068 -99
2690 1 73.5095155 132.46166
2691 1 87.3005345 145.7848548
2692 1 238.1838963 254.0076433
2693 1 236.0529584 -99
2694 1 31.0461518 143.5816547
2695 1 83.4751287 164.727837
2696 1 190.3159038 208.5630446
2697 1 85.9509785 144.221602
2698 1 79.509677 129.8659188
2699 1 107.3920746 190.3778521
2700 1 68.4303374 157.2543142
2701 1 166.1831294 41.8070404
2702 1 123.1199183 168.633796
2703 1 216.8058435 253.5428947
2704 1 79.7858709 151.5359242
2705 1 99.6434764 151.849991
2706 1 86.1580497 163.0070083
2707 1 117.4456255 211.0264462
2708 1 175.1641301 -99
2709 1 89.929124 119.7418035
2710 1 154.7428144 -99
2711 1 135.3112053 -99
2712 1 197.350662 197.4580074
2713 1 113.6007222 209.0976902
2714 1 -62.3073197 11.855863
2715 1 175.5393583 159.0840667
2716 1 134.2888474 152.4
2717 1 258.8247433 261.3521916
2718 1 97.4947794 195.0496342
2719 1 93.4266302 206.4669515
2720 1 30.8621082 76.4184576
2721 1 29.8420686 -99
2722 1 65.8603252 -99
2723 1 86.4407408 140.7595702
2724 1 86.348571 101.3227487
2725 1 99.4710228 171.0649638
2726 1 113.5449756 196.3663167
2727 1 113.965834 222.8718395
2728 1 101.9321892 194.6765998
2729 1 100.0667221 188.5816982
2730 1 85.8399738 148.8533115
2731 1 220.8738456 234.9737553
2732 1 117.3810547 153.9378884
2733 1 327.5037445 -99
2734 1 82.4711994 131.6082265
2735 1 200.5043016 229.0144654
2736 1 167.076993 218.8887627
2737 1 65.2985245 86.1417332
2738 1 115.9503607 157.3003127
2739 1 81.1392708 139.6945013
2740 1 31.3341191 154.810483
2741 1 136.8964357 172.928732
2742 1 157.1797766 167.3456845
2743 1 126.2594266 169.7023258
2744 1 241.2486172 215.4440087
2745 1 177.4538237 239.4420928
2746 1 160.8075317 129.7134062
2747 1 220.2120028 250.5986267
2748 1 96.5130684 157.4824672
2749 1 186.0013435 265.6290614
2750 1 181.5648492 181.1961558
2751 1 179.8440592 172.8428099
2752 1 127.0426526 226.2958164
2753 1 122.2307933 208.8469578
2754 1 105.6451969 142.2340034
2755 1 206.1587554 209.086063
2756 1 183.9171481 223.7939471
2757 1 93.668716 166.5310345
2758 1 178.2188323 246.4791728
2759 1 98.2113229 185.5662241
2760 1 29.7626667 102.9915075
2761 1 210.0922273 -99
2762 1 177.5564953 211.1277797
2763 1 162.3430122 204.3278971
2764 1 172.8294118 166.210544
2765 1 121.1221417 186.7058286
2766 1 99.1269202 161.6859157
2767 1 95.3798065 129.2076162
2768 1 244.8138804 249.8201025
2769 1 89.5366335 178.9997699
2770 1 185.100756 205.0389031
2771 1 169.2299575 243.7152286
2772 1 278.0567272 243.3957781
2773 1 91.0164217 122.8952931
2774 1 126.2584215 175.5210013
2775 1 71.3435747 145.3543034
2776 1 161.4437882 146.9128457
2777 1 136.2883601 176.2146528
2778 1 166.7253659 192.9040449
2779 1 117.530577 132.1784969
2780 1 181.2947809 155.3945414
2781 1 98.2895548 140.7916896
2782 1 107.0716239 195.0004584
2783 1 147.127733 147.9016707
2784 1 -32.8791634 93.1346465
2785 1 101.7013621 119.7044562
2786 1 227.3125586 202.5891723
2787 1 109.7737194 170.0559016
2788 1 40.7137721 61.3546679
2789 1 216.9753543 222.9263398
2790 1 87.6389813 169.6634157
2791 1 169.3984016 239.9945275
2792 1 152.1058173 230.9807903
2793 1 215.6574064 -99
2794 1 82.3166198 116.7160552
2795 1 154.6566734 182.1269492
2796 1 70.8190904 138.7903391
2797 1 282.5674562 221.8892959
2798 1 -170.5734096 -99
2799 1 43.6824266 104.6108316
2800 1 237.2843565 248.5116464
2801 1 187.0595253 157.4344691
2802 1 -80.9671527 -99
2803 1 114.9612706 194.0100677
2804 1 236.0076884 -99
2805 1 323.2450216 261.1844442
2806 1 165.8187213 186.0015369
2807 1 47.5230876 136.6191032
2808 1 79.335532 141.3629645
2809 1 96.7629497 176.3446935
2810 1 83.8470343 159.4130393
2811 1 108.6138083 209.9093013
2812 1 74.3030905 140.1844148
2813 1 114.5478721 218.9501359
2814 1 146.940014 295.7522753
2815 1 72.1543946 11.7021302
2816 1 60.6795984 126.9402755
2817 1 64.9108083 128.9170805
2818 1 97.738079 187.3629357
2819 1 116.2301689 212.925264
2820 1 86.6093912 144.2797291
2821 1 83.8448053 164.7035286
2822 1 94.1838143 180.8573337
2823 1 89.8214052 -99
2824 1 77.8260765 -99
2825 1 -36.4960209 -99
2826 1 138.5150584 -99
2827 1 106.973327 -99
2828 1 157.2199461 -99
2829 1 97.4990817 -99
2830 1 115.8208223 137.0218358
2831 1 -12.8438521 -99
2832 1 140.6462986 -99
2833 1 200.5451616 -99
2834 1 95.9702616 -99
2835 1 91.8667222 -99
2836 1 -37.9490472 28.9552524
2837 1 192.0797033 -99
2838 1 90.6071307 226.9270715
2839 1 95.1160018 181.839793
2840 1 57.7878375 119.4423601
2841 1 11.1493725 -99
2842 1 -36.9996034 27.7991077
2843 1 -2.845882 70.9372836
2844 1 -88.867813 -99
2845 1 34.3903533 71.0466091
2846 1 56.8767857 124.9785254
2847 1 93.8600358 222.8286655
2848 1 14.1773476 38.9312204
2849 1 77.7013715 154.3176273
2850 1 37.3666432 99.6501178
2851 1 64.3898308 161.6829613
2852 1 46.7776653 95.6138884
2853 1 75.9143407 148.8864941
2854 1 46.8520646 108.6871847
2855 1 70.97703 169.6711244
2856 1 54.4149988 116.7683621
2857 1 71.656707 132.4068729
2858 1 40.8424542 85.5712846
2859 1 72.5326451 166.5994903
2860 1 101.1730518 262.6602499
2861 1 74.1379887 178.8781935
2862 1 87.1484448 167.5815642
2863 1 73.5828011 172.5343999
2864 1 65.7970527 149.252737
2865 1 95.9848376 173.565081
2866 1 52.205493 126.3634885
2867 1 68.3954577 155.9346352
2868 1 73.8853138 187.7983901
2869 1 60.7232057 132.0011337
2870 1 66.9945808 141.7996926
2871 1 81.2345241 146.7786663
2872 1 182.0025371 374.2581454
2873 1 84.9746812 165.2932741
2874 1 73.5897569 154.1856645
2875 1 53.820468 122.7639595
2876 1 106.129556 310.455225
2877 1 72.3100335 163.4687421
2878 1 94.6081045 247.4432382
2879 1 116.1094083 296.10275
2880 1 54.7547515 179.6331661
2881 1 63.6314394 145.7409955
2882 1 83.1917071 159.9495242
2883 1 76.2682554 -99
2884 1 91.7464246 174.9209471
2885 1 99.3486775 186.6140972
2886 1 -99 -99
2887 1 68.8448451 146.9597401
2888 1 89.1894723 -99
2889 1 76.3535804 182.2881524
2890 1 92.1860808 181.6396309
2891 1 -99 -99
2892 1 316.5781659 -99
2893 1 -99 -99
2894 1 32.8530772 -99
2895 1 118.5856828 241.4924815
2896 1 -99 -99
2897 1 61.6531324 145.4359885
2898 1 97.9057453 215.2800885
2899 1 84.832412 -99
2900 1 32.3092417 -20.5470978
2901 1 90.4196818 186.1819911
2902 1 79.1365186 186.4803483
2903 1 92.8535752 191.1440814
2904 1 268.8055401 -99
2905 1 -99 -99
2906 1 92.0953883 189.4539609
2907 1 88.2546353 160.4199209
2908 1 72.7696124 174.6414289
2909 1 82.2757138 174.3426197
2910 1 -99 -99
2911 1 71.8247506 161.1422654
2912 1 114.0732539 243.6808052
2913 1 75.0748035 174.8882852
2914 1 -99 -99
2915 1 86.1308383 171.3859568
2916 1 101.564512 217.2671181
2917 1 90.5436241 133.8581932
2918 1 72.250081 157.5821229
2919 1 101.1038258 -99
2920 1 64.8809389 153.8570846
2921 1 -99 -99
2922 1 -99 -99
2923 1 -99 -99
2924 1 -99 -99
2925 1 -99 -99
2926 1 -99 -99
2927 1 -99 -99
2928 1 -99 -99
2929 1 -99 -99
2930 1 -99 -99
2931 1 -99 -99
2932 1 -99 -99
2933 1 -99 -99
2934 1 -99 -99
2935 1 -99 -99
2936 1 -99 -99
2937 1 -99 -99
2938 1 -99 -99
2939 1 -99 -99
2940 1 -99 -99
2941 1 -99 -99
2942 1 -99 -99
2943 1 -99 -99
2944 1 -99 -99
2945 1 -99 -99
2946 1 -99 -99
